0.002508,2.8e-05,0.013216,-3.130553
0.002508,2.8e-05,0.013249,-9e-06
0.002508,2.8e-05,0.01325,-9e-06
0.002508,2.8e-05,0.013299,-9e-06
0.003162,3.6e-05,0.013174,-1.2e-05
0.003812,4.6e-05,0.014909,-1.5e-05
0.026468,0.000375,0.015082,-0.000126
0.040178,0.000576,0.014693,-0.000195
0.06993,0.001021,0.015886,-0.000348
0.087511,0.001286,0.014676,-0.000442
0.102646,0.001514,0.015859,-0.000522
0.121686,0.00181,0.015899,-0.000629
0.145526,0.002189,0.015945,-0.000767
0.161557,0.002441,0.015365,-0.00086
0.176565,0.002679,0.01615,-0.000949
0.205194,0.003135,0.015509,-0.001122
0.221133,0.003384,0.015653,-0.001218
0.245063,0.003755,0.015711,-0.001363
0.264404,0.004064,0.016022,-0.001485
0.28018,0.004304,0.015483,-0.001582
0.307027,0.004719,0.015484,-0.001752
0.326239,0.005014,0.015848,-0.001875
0.341627,0.005257,0.015755,-0.001978
0.365826,0.005634,0.015687,-0.002139
0.385213,0.005932,0.015359,-0.002268
0.40094,0.006174,0.015671,-0.002375
0.425373,0.006553,0.014702,-0.002545
0.441279,0.006794,0.015235,-0.002655
0.470398,0.007233,0.015748,-0.00286
0.485859,0.007474,0.015473,-0.002973
0.501561,0.007714,0.015031,-0.003088
0.522662,0.008037,0.015342,-0.003244
0.546996,0.008408,0.015462,-0.003428
0.561856,0.008639,0.015684,-0.003543
0.577183,0.008874,0.015372,-0.003663
0.606254,0.009318,0.015126,-0.003893
0.622847,0.009571,0.015458,-0.004026
0.646478,0.009936,0.01492,-0.004222
0.6661,0.010241,0.015678,-0.004388
0.681885,0.010484,0.015529,-0.004523
0.705201,0.010851,0.016153,-0.004729
0.725901,0.011181,0.016025,-0.004917
0.742691,0.01145,0.015897,-0.005072
0.764563,0.011799,0.016155,-0.005278
0.780842,0.012065,0.016426,-0.005437
0.808741,0.012518,0.016045,-0.005713
0.825451,0.01279,0.016126,-0.005881
0.842271,0.01306,0.016184,-0.006053
0.868991,0.013489,0.015872,-0.00633
0.885333,0.013751,0.016192,-0.006503
0.901732,0.014016,0.016019,-0.00668
0.920585,0.014324,0.016709,-0.006888
0.944716,0.014722,0.016405,-0.007163
0.960251,0.014977,0.016631,-0.007343
0.975123,0.015226,0.016658,-0.007519
1.005553,0.01574,0.016826,-0.007892
1.02217,0.016018,0.016573,-0.008099
1.045381,0.016407,0.017062,-0.008394
1.068902,0.016802,0.01691,-0.008701
1.080596,0.017,0.016798,-0.008856
1.104706,0.017404,0.016713,-0.009183
1.124549,0.017737,0.016514,-0.009457
1.140314,0.018003,0.017086,-0.009681
1.166272,0.018441,0.016648,-0.010056
1.1832,0.018724,0.016574,-0.010305
1.204381,0.019069,0.016592,-0.010619
1.224821,0.019405,0.016188,-0.010931
1.242398,0.01969,0.016327,-0.011202
1.261608,0.020003,0.016144,-0.011506
1.286718,0.020411,0.016425,-0.011913
1.303016,0.020682,0.016987,-0.012187
1.318154,0.020935,0.016611,-0.012447
1.345861,0.021401,0.016572,-0.012937
1.361231,0.021655,0.016641,-0.013214
1.38604,0.022064,0.01625,-0.01367
1.406452,0.022394,0.015963,-0.014052
1.421673,0.022635,0.015785,-0.01434
1.446824,0.023033,0.01594,-0.014829
1.466433,0.023338,0.014934,-0.015217
1.482028,0.023578,0.01532,-0.015531
1.505632,0.023941,0.015869,-0.01602
1.521235,0.024186,0.015577,-0.016354
1.550383,0.024634,0.01535,-0.016992
1.565575,0.024865,0.015078,-0.017332
1.580834,0.025098,0.015378,-0.017683
1.601324,0.025409,0.014734,-0.018165
1.625029,0.025758,0.014759,-0.018732
1.641085,0.025993,0.014771,-0.019125
1.658891,0.026261,0.015277,-0.019579
1.685176,0.026661,0.015015,-0.020274
1.700463,0.026892,0.015348,-0.020691
1.72519,0.027265,0.01565,-0.021384
1.749057,0.027637,0.015467,-0.022089
1.761045,0.027823,0.015494,-0.022453
1.784739,0.028188,0.015424,-0.023191
1.804995,0.028505,0.015947,-0.023849
1.821349,0.028769,0.016288,-0.024404
1.844766,0.02915,0.01611,-0.025227
1.860968,0.029407,0.01582,-0.025812
1.887546,0.029838,0.017074,-0.026815
1.904836,0.030134,0.016977,-0.027508
1.920312,0.030387,0.016119,-0.028137
1.941624,0.030732,0.016415,-0.029029
1.966057,0.031138,0.016637,-0.030107
1.98282,0.031418,0.016773,-0.030878
1.996529,0.031648,0.016714,-0.031529
2.025047,0.032125,0.0168,-0.032939
2.041697,0.032403,0.016573,-0.0338
2.065536,0.032797,0.016507,-0.035083
2.086273,0.033138,0.016408,-0.036251
2.103633,0.033423,0.016508,-0.03727
2.127735,0.033829,0.016821,-0.038763
2.146642,0.034144,0.016628,-0.03999
2.162504,0.034406,0.016066,-0.041059
2.186765,0.034807,0.016714,-0.042775
2.202787,0.035073,0.016481,-0.043966
2.230076,0.035525,0.01612,-0.046109
2.246114,0.035787,0.016602,-0.047434
2.262132,0.036053,0.016717,-0.048823
2.281101,0.036368,0.01664,-0.050546
2.305408,0.036771,0.016591,-0.05289
2.321661,0.037042,0.016846,-0.054553
2.336272,0.037291,0.017185,-0.056125
2.365937,0.037793,0.016936,-0.059535
2.38374,0.038092,0.016597,-0.061732
2.405385,0.038462,0.017983,-0.064594
2.428566,0.038877,0.017478,-0.067929
2.440223,0.039079,0.017319,-0.069698
2.465971,0.03952,0.017136,-0.073869
2.485731,0.039864,0.017413,-0.077361
2.501354,0.040137,0.017596,-0.080319
2.52638,0.04056,0.016724,-0.085431
2.543306,0.040847,0.017353,-0.089203
2.567192,0.041252,0.016532,-0.095024
2.581141,0.04144,0.007725,-0.098614
2.584103,0.041406,0.003642,-0.099232
2.581471,0.041356,-0.017653,-0.098493
2.581407,0.041352,-0.038896,-0.098468
2.580931,0.041373,-0.054373,-0.098408
2.582501,0.041309,-0.06862,-0.098624
2.603501,0.039955,-0.073338,-0.100431
2.616615,0.039017,-0.071111,-0.10142
2.643415,0.03711,-0.070943,-0.103696
2.667099,0.035407,-0.071709,-0.105961
2.679236,0.034532,-0.072022,-0.107243
2.704467,0.032714,-0.071947,-0.110247
2.722802,0.031387,-0.071853,-0.112749
2.738345,0.030268,-0.072001,-0.115166
2.763424,0.028452,-0.072588,-0.119689
2.783967,0.02696,-0.072785,-0.124153
2.800589,0.025745,-0.073142,-0.128395
2.823513,0.024065,-0.072994,-0.135523
2.839063,0.022928,-0.072993,-0.141512
2.867637,0.02084,-0.073435,-0.156161
2.883947,0.01964,-0.073226,-0.167644
2.898325,0.018586,-0.073057,-0.180798
2.919679,0.017022,-0.073621,-0.208831
2.941081,0.015433,-0.073735,-3.136345
2.955368,0.014356,-0.082681,-3.136735
2.962784,0.013664,-0.094713,-3.136981
2.961029,0.013737,-0.126858,-3.136954
2.960482,0.01381,-0.140683,-3.136928
2.961043,0.013752,-0.1648,-3.136948
2.96116,0.013743,-0.184348,-3.136952
2.960834,0.013807,-0.200275,-3.136929
2.960733,0.013848,-0.225163,-3.136915
2.960431,0.013937,-0.245035,-3.136885
2.961901,0.013602,-0.261131,-3.137001
2.961651,0.013676,-0.286334,-3.136975
2.960757,0.013946,-0.303551,-3.136882
2.961497,0.013751,-0.332977,-3.136949
2.961385,0.013797,-0.349951,-3.136934
2.96094,0.013963,-0.366487,-3.136877
2.961009,0.013956,-0.387826,-3.136879
2.961391,0.01382,-0.413574,-3.136926
2.961405,0.013814,-0.429746,-3.136928
2.961706,0.013686,-0.44672,-3.136972
2.960644,0.014203,-0.475574,-3.136796
2.96093,0.014079,-0.492435,-3.136838
2.9612,0.013952,-0.517307,-3.136881
2.961119,0.014008,-0.538879,-3.136862
2.960976,0.014095,-0.556114,-3.136832
2.961402,0.013848,-0.581759,-3.136916
2.961514,0.013772,-0.602215,-3.136942
2.961455,0.013813,-0.619955,-3.136928
2.961304,0.01393,-0.644628,-3.136889
2.961269,0.013957,-0.66135,-3.13688
2.96122,0.014003,-0.691414,-3.136864
2.961013,0.014178,-0.709172,-3.136804
2.961587,0.01371,-0.726157,-3.136964
2.961527,0.013759,-0.746277,-3.136947
2.96124,0.01403,-0.771327,-3.136855
2.961128,0.01414,-0.788491,-3.136818
2.961173,0.014103,-0.803851,-3.13683
2.961534,0.013737,-0.833729,-3.136954
2.961538,0.013733,-0.851347,-3.136956
2.960965,0.014372,-0.869668,-3.136739
2.961079,0.014266,-0.899856,-3.136775
2.961025,0.014335,-0.915769,-3.136752
2.961005,0.014368,-0.940923,-3.13674
2.961839,0.013254,-0.962516,-3.137118
2.961825,0.013255,-0.980149,-3.137117
2.96126,0.014081,-1.008466,-3.136838
2.961228,0.014141,-1.032318,-3.136817
2.96119,0.014205,-1.050538,-3.136795
2.961647,0.013426,-1.075658,-3.137059
2.961759,0.013215,-1.094111,-3.137131
2.961363,0.013963,-1.123781,-3.136878
2.961367,0.013956,-1.140449,-3.13688
2.961356,0.013979,-1.158298,-3.136872
2.961226,0.014272,-1.180264,-3.136773
2.961381,0.013921,-1.206703,-3.136892
2.961359,0.01397,-1.224115,-3.136875
2.961263,0.014226,-1.242057,-3.136789
2.961304,0.014123,-1.271776,-3.136823
2.96126,0.014268,-1.288159,-3.136774
2.961352,0.013975,-1.311699,-3.136874
2.961302,0.014161,-1.338496,-3.136811
2.961272,0.01429,-1.351166,-3.136767
2.961311,0.014144,-1.378183,-3.136816
2.961276,0.014331,-1.401193,-3.136753
2.961243,0.01453,-1.416449,-3.136686
2.961259,0.014462,-1.440111,-3.136709
2.961263,0.014446,-1.456228,-3.136714
2.961316,0.014008,-1.484813,-3.136862
2.961299,0.01412,-1.503748,-3.136825
2.961292,0.014244,-1.519996,-3.136783
2.961316,0.013889,-1.543615,-3.136903
2.961318,0.013778,-1.566203,-3.13694
2.961317,0.013617,-1.581673,-3.136994
2.961314,0.013683,-1.600013,-3.136972
2.961334,0.014434,-1.630618,-3.136718
2.961346,0.014532,-1.647109,-3.136685
2.961347,0.014452,-1.675496,-3.136713
2.961308,0.014044,-1.701901,-3.13685
2.961276,0.013809,-1.714078,-3.136929
2.961328,0.014254,-1.737731,-3.136779
2.961357,0.01439,-1.760047,-3.136734
2.961373,0.014465,-1.77709,-3.136708
2.96124,0.013788,-1.802392,-3.136937
2.961089,0.013167,-1.82105,-3.137146
2.961286,0.014025,-1.85295,-3.136856
2.961453,0.014585,-1.873402,-3.136668
2.961226,0.013764,-1.886901,-3.136945
2.961272,0.013921,-1.909444,-3.136892
2.961616,0.014916,-1.933704,-3.136556
2.961108,0.013489,-1.950429,-3.137037
2.961069,0.013418,-1.967571,-3.137061
2.961347,0.014098,-2.004311,-3.136832
2.96139,0.01419,-2.017388,-3.136801
2.961372,0.014144,-2.043868,-3.136816
2.961374,0.014147,-2.065508,-3.136815
2.961375,0.01415,-2.083574,-3.136815
2.961554,0.014475,-2.10437,-3.136705
2.961024,0.013547,-2.123749,-3.137018
2.96134,0.014091,-2.140936,-3.136834
2.961364,0.014116,-2.167319,-3.136826
2.961068,0.013685,-2.182408,-3.136971
2.961178,0.013869,-2.2094,-3.136909
2.961081,0.013734,-2.225806,-3.136954
2.960978,0.013602,-2.242914,-3.136999
2.961797,0.014661,-2.26193,-3.136643
2.961335,0.01407,-2.286876,-3.136841
2.961307,0.014038,-2.304635,-3.136852
2.961888,0.014702,-2.322416,-3.136629
2.960971,0.013695,-2.351908,-3.136967
2.960994,0.013736,-2.367889,-3.136954
2.961776,0.014518,-2.393855,-3.136691
2.961581,0.014317,-2.417862,-3.136759
2.961594,0.014328,-2.43198,-3.136755
2.961587,0.014322,-2.457209,-3.136757
2.961833,0.014527,-2.478152,-3.136688
2.962088,0.014725,-2.493353,-3.136622
2.961974,0.014626,-2.521945,-3.136655
2.961989,0.014636,-2.538702,-3.136651
2.961377,0.014209,-2.564608,-3.136795
2.960878,0.013886,-2.58496,-3.136903
2.96156,0.014335,-2.600633,-3.136752
2.961779,0.014464,-2.622477,-3.136709
2.961511,0.014302,-2.647638,-3.136763
2.961488,0.01429,-2.664549,-3.136767
2.96101,0.014035,-2.680431,-3.136853
2.961499,0.014291,-2.70887,-3.136767
2.961925,0.014485,-2.72497,-3.136702
2.96158,0.014315,-2.751202,-3.136759
2.960953,0.014056,-2.777768,-3.136845
2.960587,0.013919,-2.789677,-3.136891
2.96034,0.013842,-2.820044,-3.136917
2.961437,0.014232,-2.83789,-3.136787
2.962125,0.014447,-2.857879,-3.136715
2.961904,0.014364,-2.880238,-3.136743
2.961935,0.014372,-2.898463,-3.13674
2.960818,0.01409,-2.926136,-3.136834
2.961387,0.014233,-2.943615,-3.136787
2.961954,0.014343,-2.959601,-3.13675
2.961931,0.014321,-2.988275,-3.136758
2.961292,0.014209,-3.005409,-3.136794
2.960666,0.014128,-3.02291,-3.136821
2.96078,0.014159,-3.045326,-3.136811
2.961416,0.01423,-3.070714,-3.136788
2.960363,0.014134,-3.087552,-3.136818
2.956714,0.013886,-3.094676,-3.136896
2.932282,0.012467,-3.094414,-3.137341
2.916959,0.011738,-3.094117,-3.137568
2.894362,0.010687,-3.094068,-3.1379
2.870873,0.009578,-3.094296,-3.138256
2.858614,0.008998,-3.094346,-3.138445
2.833694,0.007834,-3.094862,-3.138828
2.812195,0.00683,-3.095096,-3.139164
2.796724,0.006128,-3.095514,-3.139402
2.773556,0.005077,-3.095764,-3.139762
2.757266,0.004333,-3.096055,-3.140021
2.730181,0.003117,-3.096413,-3.140451
2.713538,0.002364,-3.096662,-3.140721
2.696488,0.001601,-3.097246,-3.140999
2.678188,0.000806,-3.097042,-3.141292
2.654576,-0.00024,-3.097599,3.141502
2.638819,-0.000934,-3.097318,3.141239
2.62275,-0.001631,-3.097397,3.140971
2.596132,-0.002676,-3.114135,3.140562
2.59491,-0.002557,-3.122248,3.140607
2.596185,-0.002411,3.134518,3.140664
2.596807,-0.002388,3.110693,3.140673
2.596899,-0.002392,3.098631,3.140672
2.59089,-0.002166,3.083935,3.140757
2.576706,-0.00143,3.083514,3.141037
2.563845,-0.000678,3.084157,3.141328
2.5384,0.000774,3.0845,-3.141288
2.522703,0.00168,3.083658,-3.140927
2.495931,0.003261,3.081256,-3.140286
2.480878,0.004131,3.094002,-3.139928
2.480229,0.004143,3.096616,-3.139922
2.482054,0.004054,3.112438,-3.13996
2.484484,0.003987,3.132357,-3.139988
2.483854,0.004003,-3.136125,-3.139981
2.48267,0.004004,-3.121358,-3.13998
2.481631,0.003972,-3.094437,-3.139992
2.48096,0.003939,-3.086351,-3.140005
2.459813,0.002862,-3.086547,-3.140429
2.436242,0.001598,-3.087074,-3.140937
2.423883,0.000927,-3.087727,-3.14121
2.400653,-0.000326,-3.087184,3.141457
2.38077,-0.001416,-3.086438,3.140998
2.363983,-0.002337,-3.08703,3.140604
2.343742,-0.003466,-3.09101,3.140114
2.345225,-0.003346,-3.092961,3.140166
2.342665,-0.003434,-3.118252,3.140127
2.344019,-0.003383,-3.140774,3.140149
2.344724,-0.003388,3.125108,3.140148
2.344026,-0.003396,3.095811,3.140144
2.341673,-0.003303,3.080396,3.140182
2.339741,-0.003179,3.07554,3.140234
2.324155,-0.002216,3.074482,3.140639
2.297596,-0.000478,3.074225,3.141385
2.278657,0.000789,3.074112,-3.141246
2.262925,0.001862,3.073597,-3.14077
2.235964,0.003708,3.072029,-3.139934
2.223165,0.004611,3.073211,-3.139519
2.220487,0.004796,3.084857,-3.139433
2.21941,0.004852,3.104614,-3.139407
2.219395,0.004852,3.114796,-3.139406
2.21917,0.004863,3.137813,-3.139401
2.219383,0.004867,-3.125781,-3.1394
2.219916,0.004878,-3.111483,-3.139395
2.219239,0.004873,-3.088801,-3.139397
2.215113,0.004693,-3.085429,-3.139474
2.199143,0.003847,-3.083601,-3.139843
2.174313,0.002466,-3.083017,-3.140458
2.15825,0.001542,-3.084391,-3.140878
2.139167,0.000439,-3.084246,-3.141387
2.115385,-0.000929,-3.084653,3.141154
2.099518,-0.001843,-3.082869,3.140715
2.084357,-0.002747,-3.081747,3.140275
2.064904,-0.003889,-3.091458,3.139709
2.056234,-0.004331,-3.085883,3.139486
2.059237,-0.004157,-3.109495,3.139574
2.06034,-0.004113,-3.125805,3.139597
2.060442,-0.004115,3.139425,3.139595
2.059914,-0.004121,3.117287,3.139592
2.057398,-0.004048,3.090426,3.139625
2.055184,-0.003925,3.079148,3.139683
2.030901,-0.002592,3.079506,3.140316
2.016244,-0.001717,3.081382,3.140741
1.992763,-0.000295,3.080663,3.141444
1.973174,0.000903,3.080343,-3.141135
1.957134,0.001891,3.079908,-3.140626
1.935807,0.003207,3.079922,-3.139936
1.914239,0.004555,3.085112,-3.139213
1.912778,0.004603,3.08972,-3.139186
1.914846,0.004486,3.097887,-3.13925
1.915032,0.004471,3.120504,-3.139258
1.915273,0.004468,3.136215,-3.13926
1.914908,0.004479,-3.124516,-3.139254
1.915228,0.004492,-3.099589,-3.139247
1.915651,0.004512,-3.087754,-3.139238
1.903323,0.003888,-3.081203,-3.13955
1.886472,0.002897,-3.077239,-3.140057
1.87182,0.002014,-3.080916,-3.140516
1.847107,0.000492,-3.081756,-3.141326
1.832647,-0.000409,-3.079538,3.141369
1.806677,-0.002026,-3.079105,3.140471
1.789128,-0.003146,-3.078387,3.139834
1.774586,-0.004068,-3.082611,3.1393
1.76841,-0.004389,-3.089381,3.139111
1.772471,-0.004167,-3.107695,3.139242
1.772701,-0.00416,-3.12044,3.139246
1.772344,-0.004174,-3.13617,3.139238
1.771987,-0.004181,3.117929,3.139233
1.77217,-0.004187,3.102176,3.13923
1.771555,-0.004172,3.079268,3.139237
1.760872,-0.003484,3.060792,3.139614
1.755007,-0.003016,3.064329,3.139874
1.729399,-0.000996,3.060228,3.141017
1.708893,0.00068,3.062071,-3.141195
1.691706,0.002089,3.059434,-3.140358
1.67014,0.003889,3.058108,-3.139264
1.654599,0.005178,3.060555,-3.138463
1.650876,0.005477,3.070387,-3.138275
1.651212,0.005456,3.084307,-3.138288
1.651737,0.005429,3.097324,-3.138306
1.65261,0.0054,3.115312,-3.138325
1.651584,0.005441,3.139067,-3.138298
1.650381,0.005455,-3.12843,-3.138287
1.650258,0.005453,-3.11277,-3.138288
1.64959,0.005432,-3.085897,-3.1383
1.649064,0.005401,-3.076054,-3.138318
1.625099,0.003969,-3.074316,-3.139151
1.605717,0.002668,-3.074144,-3.139931
1.589625,0.001575,-3.075445,-3.140602
1.566438,-8e-06,-3.073674,3.141588
1.545748,-0.001446,-3.072737,3.140657
1.532654,-0.00236,-3.072092,3.140053
1.511026,-0.003868,-3.073365,3.139033
1.504386,-0.004278,-3.079576,3.138749
1.508602,-0.004019,-3.102722,3.138929
1.507856,-0.004048,-3.116465,3.138908
1.50754,-0.004054,-3.132635,3.138903
1.507563,-0.004056,3.123243,3.138902
1.507361,-0.004056,3.106379,3.138902
1.507508,-0.004062,3.090572,3.138898
1.504649,-0.003931,3.071401,3.13898
1.486748,-0.002862,3.076434,3.139668
1.466537,-0.001587,3.077221,3.14051
1.446485,-0.000279,3.077001,3.1414
1.422725,0.001288,3.075373,-3.140688
1.40631,0.002373,3.076149,-3.139905
1.378611,0.004209,3.074762,-3.13854
1.369523,0.00484,3.07548,-3.138058
1.360143,0.005394,3.084243,-3.137627
1.362763,0.005232,3.09771,-3.137753
1.363303,0.005194,3.119109,-3.137783
1.363215,0.005196,3.135031,-3.137781
1.363281,0.005198,-3.132646,-3.13778
1.363474,0.005211,-3.105354,-3.13777
1.363029,0.005207,-3.090278,-3.137773
1.357884,0.004961,-3.081392,-3.137939
1.33233,0.003497,-3.079773,-3.138968
1.321355,0.00282,-3.080304,-3.139458
1.297868,0.001361,-3.079814,-3.140544
1.277518,9e-05,-3.078418,-3.141522
1.260678,-0.000978,-3.079071,3.140817
1.236543,-0.0025,-3.078671,3.139571
1.219562,-0.00357,-3.077897,3.138665
1.200539,-0.004758,-3.089563,3.13763
1.198895,-0.004802,-3.093432,3.137588
1.20339,-0.004548,-3.11614,3.137813
1.20317,-0.00455,-3.135723,3.137811
1.20354,-0.004555,3.117501,3.137808
1.204334,-0.00458,3.100225,3.13779
1.203764,-0.004574,3.084379,3.137793
1.19474,-0.004022,3.065505,3.138226
1.187659,-0.003484,3.065201,3.13866
1.159829,-0.001407,3.064304,3.140379
1.134963,0.000518,3.063518,-3.141136
1.122155,0.001518,3.063781,-3.14024
1.100894,0.003187,3.063973,-3.138698
1.082272,0.004646,3.067394,-3.1373
1.076838,0.005004,3.073023,-3.136945
1.081227,0.004707,3.094735,-3.137239
1.08174,0.004686,3.109311,-3.13726
1.080592,0.004725,3.135978,-3.13722
1.080587,0.004724,-3.131543,-3.137221
1.08093,0.00473,-3.115495,-3.137217
1.080917,0.00474,-3.094788,-3.137207
1.074054,0.004427,-3.08139,-3.137471
1.068188,0.004086,-3.083559,-3.137768
1.047485,0.002917,-3.08256,-3.138808
1.017922,0.00116,-3.083029,-3.140453
1.002311,0.00024,-3.080626,-3.141354
0.97923,-0.001146,-3.080557,3.140422
0.955792,-0.002577,-3.080695,3.138896
0.94389,-0.003299,-3.081432,3.138097
0.930508,-0.00413,-3.087297,3.137154
0.926717,-0.004331,-3.104212,3.136919
0.925776,-0.004362,-3.116176,3.136881
0.925976,-0.004349,-3.139849,3.136896
0.926363,-0.004353,3.121239,3.136894
0.926885,-0.00437,3.105225,3.136878
0.926615,-0.004379,3.078029,3.136867
0.922477,-0.004156,3.068439,3.137088
0.894774,-0.00224,3.067152,3.139089
0.879865,-0.001135,3.066924,3.140302
0.864564,6e-06,3.06703,-3.141586
0.836227,0.002133,3.066389,-3.139042
0.821927,0.003222,3.064685,-3.137673
0.807222,0.004345,3.067957,-3.13621
0.802057,0.004689,3.072305,-3.135747
0.805129,0.00447,3.091582,-3.136041
0.805369,0.004451,3.104628,-3.136066
0.805768,0.004437,3.120259,-3.136086
0.806025,0.004443,-3.135488,-3.13608
0.805257,0.004451,-3.120925,-3.136065
0.805729,0.004463,-3.099212,-3.136053
0.796255,0.004074,-3.091883,-3.136476
0.790621,0.003793,-3.090241,-3.136795
0.765144,0.002516,-3.089967,-3.138304
0.744869,0.001446,-3.089556,-3.139652
0.727979,0.000551,-3.088395,-3.140835
0.704869,-0.000689,-3.087877,3.140616
0.688324,-0.001578,-3.087772,3.1393
0.662988,-0.002966,-3.086801,3.137119
0.654982,-0.003408,-3.094725,3.13639
0.647051,-0.003772,-3.092831,3.135763
0.649847,-0.003629,-3.118093,3.136008
0.649543,-0.003627,-3.137145,3.136009
0.649292,-0.003627,3.128553,3.136007
0.64968,-0.003632,3.112838,3.136002
0.647697,-0.003564,3.084738,3.13609
0.645718,-0.003439,3.073075,3.136267
0.622848,-0.001991,3.070605,3.138396
0.605433,-0.000787,3.071791,3.140293
0.587999,0.00042,3.072026,-3.140879
0.565372,0.002007,3.071313,-3.138042
0.546581,0.003346,3.068688,-3.135471
0.532334,0.004378,3.073498,-3.133369
0.532142,0.00438,3.082923,-3.133361
0.530686,0.004461,3.092825,-3.133188
0.531047,0.004433,3.114604,-3.133245
0.530913,0.004437,3.130451,-3.133236
0.531143,0.004436,-3.137611,-3.133241
0.531177,0.004444,-3.118425,-3.133226
0.532055,0.004477,-3.095131,-3.133179
0.526793,0.004288,-3.092587,-3.133453
0.511126,0.003567,-3.08911,-3.134613
0.484671,0.002232,-3.087414,-3.136988
0.46758,0.001332,-3.088731,-3.138743
0.45254,0.000529,-3.088424,-3.140423
0.424815,-0.000964,-3.087575,3.139323
0.408961,-0.001829,-3.08691,3.137121
0.385876,-0.003104,-3.086196,3.13355
0.372533,-0.00384,-3.099177,3.131284
0.366482,-0.004128,-3.09559,3.130331
0.367435,-0.00405,-3.114144,3.130572
0.368734,-0.004005,-3.134617,3.130733
0.369226,-0.004004,3.135881,3.13075
0.369319,-0.004016,3.112174,3.13072
0.367317,-0.003957,3.092675,3.130821
0.365537,-0.003861,3.079377,3.13103
0.343151,-0.002625,3.078778,3.133942
0.329266,-0.001781,3.080242,3.136184
0.303521,-0.000204,3.079784,3.140921
0.284013,0.00102,3.07865,-3.138003
0.268162,0.002018,3.078542,-3.134068
0.24766,0.003314,3.078324,-3.128211
0.226765,0.004641,3.084582,-3.121129
0.225693,0.004676,3.086415,-3.120877
0.228989,0.004491,3.096262,-3.121981
0.228552,0.004503,3.118741,-3.121894
0.228346,0.004507,3.135001,-3.121859
0.229173,0.004503,-3.124981,-3.121946
0.229294,0.004511,-3.102163,-3.121921
0.229589,0.004524,-3.089476,-3.121889
0.220184,0.004058,-3.079152,-3.123165
0.202844,0.003015,-3.07532,-3.126731
0.187682,0.002049,-3.077636,-3.130677
0.165658,0.000613,-3.078002,-3.137892
0.150358,-0.000389,-3.076038,3.139006
0.121773,-0.002283,-3.074946,3.122845
0.106676,-0.003297,-3.074772,3.110698
0.091253,-0.004328,-3.078422,3.094201