0.051685,0.002904,2.976084,-3.085464
0.051685,0.002904,2.976129,-0.000985
0.051685,0.002904,2.976086,-0.000985
0.051685,0.002904,2.976136,-0.000985
0.051685,0.002904,2.975095,-0.000985
0.051383,0.002955,2.972663,-0.001002
0.051213,0.002985,2.954531,-0.001012
0.051766,0.002879,2.936131,-0.000977
0.051857,0.002857,2.921251,-0.000969
0.051909,0.002844,2.896172,-0.000965
0.051435,0.002961,2.880667,-0.001004
0.050256,0.00329,2.850691,-0.001115
0.050759,0.003153,2.833525,-0.001069
0.051053,0.003057,2.816693,-0.001037
0.052246,0.002656,2.796134,-0.000901
0.051816,0.002794,2.770449,-0.000948
0.051824,0.00279,2.754414,-0.000946
0.051832,0.002787,2.73744,-0.000945
0.052004,0.002712,2.708436,-0.00092
0.052032,0.002696,2.693185,-0.000915
0.052048,0.002688,2.668455,-0.000912
0.052051,0.002686,2.643354,-0.000911
0.052051,0.002686,2.630913,-0.000911
0.052051,0.002686,2.607182,-0.000911
0.052051,0.002686,2.588412,-0.000911
0.052051,0.002687,2.57206,-0.000911
0.052051,0.002686,2.548537,-0.000911
0.052051,0.002687,2.532878,-0.000911
0.051441,0.003108,2.505757,-0.001054
0.052072,0.002656,2.486609,-0.000901
0.052037,0.002665,2.471593,-0.000904
0.051905,0.002768,2.449933,-0.000939
0.05199,0.002704,2.427169,-0.000917
0.052087,0.002618,2.410385,-0.000888
0.052035,0.00266,2.394418,-0.000902
0.05189,0.002793,2.365351,-0.000947
0.051775,0.002907,2.353186,-0.000986
0.051981,0.002707,2.327568,-0.000918
0.052015,0.002666,2.302888,-0.000904
0.05191,0.002778,2.289619,-0.000942
0.05186,0.00284,2.267259,-0.000963
0.051982,0.002698,2.247194,-0.000915
0.051998,0.002673,2.230075,-0.000907
0.05201,0.002657,2.208515,-0.000901
0.052011,0.002655,2.18691,-0.000901
0.052012,0.002654,2.171527,-0.0009
0.051452,0.00346,2.146565,-0.001173
0.051079,0.004042,2.131237,-0.001371
0.051691,0.003109,2.103612,-0.001055
0.051693,0.003088,2.087729,-0.001047
0.051703,0.003066,2.070575,-0.00104
0.051478,0.003463,2.05198,-0.001174
0.051376,0.003681,2.027809,-0.001248
0.051663,0.003127,2.01126,-0.001061
0.051925,0.002561,1.995291,-0.000869
0.051906,0.00256,1.968404,-0.000868
0.051933,0.002495,1.951883,-0.000846
0.051631,0.003227,1.928141,-0.001095
0.05156,0.003459,1.906235,-0.001173
0.051521,0.003571,1.893198,-0.001211
0.051801,0.002764,1.869621,-0.000938
0.0518,0.002768,1.850776,-0.000939
0.0518,0.002769,1.83611,-0.000939
0.0518,0.002771,1.813554,-0.00094
0.051841,0.002616,1.79761,-0.000887
0.05181,0.002729,1.771612,-0.000926
0.051815,0.002719,1.756156,-0.000922
0.051813,0.002729,1.740192,-0.000926
0.051814,0.002726,1.720765,-0.000925
0.051778,0.002957,1.697588,-0.001003
0.051773,0.002995,1.682536,-0.001016
0.051815,0.002665,1.665074,-0.000904
0.051806,0.002718,1.638691,-0.000922
0.051793,0.002867,1.622464,-0.000972
0.051792,0.002944,1.59958,-0.000999
0.051809,0.002477,1.577092,-0.00084
0.05181,0.002237,1.564504,-0.000759
0.051801,0.002846,1.541967,-0.000965
0.051795,0.002484,1.522177,-0.000843
0.051778,0.002164,1.505827,-0.000734
0.05178,0.002362,1.48184,-0.000801
0.051779,0.002345,1.464679,-0.000795
0.051804,0.0026,1.4376,-0.000882
0.051805,0.0026,1.421467,-0.000882
0.051805,0.002599,1.406871,-0.000882
0.051781,0.002442,1.387075,-0.000828
0.051798,0.00256,1.362994,-0.000868
0.051825,0.002683,1.346614,-0.00091
0.051997,0.003478,1.329501,-0.00118
0.051827,0.002714,1.301433,-0.000921
0.051699,0.002262,1.28425,-0.000767
0.051766,0.002544,1.260609,-0.000863
0.051832,0.002756,1.235578,-0.000935
0.051834,0.002753,1.22607,-0.000934
0.051714,0.002406,1.201405,-0.000816
0.051669,0.002311,1.177789,-0.000784
0.051669,0.002315,1.166187,-0.000785
0.051976,0.003046,1.142321,-0.001033
0.052376,0.003911,1.122832,-0.001327
0.052729,0.004634,1.108111,-0.001572
0.05189,0.002874,1.084618,-0.000975
0.051546,0.002233,1.068219,-0.000757
0.05162,0.002413,1.040887,-0.000819
0.051987,0.003065,1.024683,-0.00104
0.052316,0.0036,1.009228,-0.001221
0.051878,0.002866,0.982081,-0.000972
0.051864,0.00286,0.967437,-0.00097
0.05185,0.002844,0.952214,-0.000965
0.051981,0.003029,0.92535,-0.001028
0.051982,0.003025,0.9093,-0.001026
0.052004,0.003053,0.894232,-0.001036
0.05177,0.002754,0.874686,-0.000934
0.051677,0.002649,0.852726,-0.000898
0.051646,0.002613,0.837011,-0.000886
0.05166,0.002631,0.821377,-0.000893
0.051661,0.002633,0.795275,-0.000893
0.051556,0.002522,0.778733,-0.000855
0.051494,0.002466,0.755127,-0.000836
0.051485,0.002458,0.732857,-0.000834
0.051835,0.002787,0.721228,-0.000945
0.052076,0.002985,0.6976,-0.001013
0.051736,0.002687,0.679531,-0.000911
0.05142,0.002435,0.663954,-0.000826
0.051606,0.002597,0.640951,-0.000881
0.051589,0.002584,0.62582,-0.000876
0.051786,0.002728,0.598845,-0.000925
0.051952,0.00284,0.582925,-0.000963
0.052245,0.003035,0.568305,-0.00103
0.052392,0.00312,0.548605,-0.001058
0.051926,0.002828,0.524482,-0.000959
0.051845,0.002792,0.509186,-0.000947
0.051748,0.002739,0.493435,-0.000929
0.051853,0.002799,0.465115,-0.00095
0.051746,0.002746,0.450775,-0.000931
0.052259,0.003002,0.427384,-0.001018
0.051664,0.002725,0.404705,-0.000924
0.051338,0.002586,0.393501,-0.000877
0.051606,0.002714,0.370418,-0.00092
0.052313,0.002998,0.351791,-0.001017
0.052438,0.003029,0.335171,-0.001028
0.051759,0.002783,0.313072,-0.000944
0.051641,0.002758,0.297474,-0.000935
0.051564,0.002738,0.270894,-0.000929
0.051731,0.002788,0.255875,-0.000946
0.051869,0.002823,0.241096,-0.000958
0.053134,0.003143,0.220947,-0.001067
0.05202,0.002866,0.196853,-0.000972
0.051422,0.002751,0.18144,-0.000933
0.051428,0.002765,0.165665,-0.000938
0.051918,0.002857,0.138847,-0.000969
0.052139,0.002884,0.123664,-0.000978
0.051866,0.002842,0.101221,-0.000964
0.051783,0.00284,0.077789,-0.000963
0.051786,0.002842,0.066626,-0.000964
0.054726,0.00306,0.043126,-0.001039
0.066347,0.003683,0.038606,-0.001255
0.076385,0.004062,0.035053,-0.001389
0.103282,0.005136,0.036216,-0.001773
0.11973,0.005736,0.035936,-0.001991
0.146452,0.00667,0.036003,-0.002337
0.163655,0.007292,0.035589,-0.002571
0.179009,0.007812,0.035982,-0.002769
0.198731,0.008514,0.035222,-0.003039
0.222286,0.009341,0.035423,-0.003363
0.237824,0.009882,0.035045,-0.003577
0.253839,0.010443,0.034855,-0.003803
0.282475,0.011414,0.033213,-0.0042
0.298524,0.01195,0.033531,-0.004423
0.322258,0.012759,0.034943,-0.004765
0.345783,0.013567,0.035016,-0.005111
0.357782,0.013988,0.034927,-0.005294
0.382098,0.014839,0.034811,-0.005668
0.401527,0.015508,0.034877,-0.005968
0.41864,0.016113,0.034849,-0.006242
0.442636,0.016942,0.034816,-0.006625
0.458054,0.017478,0.035005,-0.006876
0.487524,0.01852,0.034967,-0.007371
0.502081,0.019017,0.035035,-0.007613
0.517285,0.019551,0.035157,-0.007875
0.536977,0.020241,0.034816,-0.008218
0.561278,0.021085,0.034481,-0.008646
0.576868,0.021621,0.034392,-0.008922
0.594156,0.022221,0.034805,-0.009236
0.620677,0.02314,0.034862,-0.009725
0.637309,0.023725,0.035073,-0.010041
0.661421,0.024563,0.034664,-0.010503
0.686365,0.025425,0.034617,-0.010989
0.698951,0.02586,0.034642,-0.011238
0.723898,0.02672,0.034364,-0.011739
0.743426,0.02739,0.034444,-0.012137
0.759081,0.027929,0.03436,-0.012462
0.782626,0.028745,0.034567,-0.012963
0.798648,0.029298,0.034423,-0.013308
0.827424,0.030289,0.03408,-0.013941
0.842791,0.030814,0.034291,-0.014283
0.858983,0.031369,0.034132,-0.014651
0.878552,0.032036,0.034499,-0.0151
0.902304,0.032848,0.033811,-0.015658
0.918243,0.033386,0.034098,-0.016036
0.936281,0.033999,0.033718,-0.016473
0.961926,0.034866,0.033966,-0.017106
0.977308,0.035392,0.034113,-0.017496
0.999786,0.036163,0.034556,-0.018078
1.026195,0.037073,0.034324,-0.01878
1.038109,0.037481,0.034167,-0.019102
1.061689,0.038282,0.034286,-0.019748
1.082271,0.03898,0.033565,-0.020323
1.097834,0.039506,0.033767,-0.020766
1.122212,0.040331,0.033723,-0.021475
1.138601,0.040884,0.03385,-0.021961
1.166246,0.041817,0.033746,-0.0228
1.182369,0.042363,0.033934,-0.023302
1.198387,0.042906,0.033942,-0.023811
1.21871,0.043599,0.03411,-0.024471
1.242014,0.04439,0.033812,-0.025245
1.25755,0.044914,0.033798,-0.025771
1.273073,0.04544,0.033894,-0.026306
1.300859,0.046381,0.033521,-0.02729
1.316426,0.046904,0.033679,-0.027853
1.342415,0.047776,0.033619,-0.028815
1.367763,0.048633,0.033873,-0.029787
1.380475,0.049065,0.033796,-0.030286
1.402055,0.04979,0.03365,-0.031149
1.421541,0.050446,0.033768,-0.031948
1.437117,0.050972,0.033736,-0.032603
1.462039,0.051807,0.033559,-0.033673
1.478171,0.052348,0.033244,-0.034385
1.506946,0.053315,0.03339,-0.035693
1.52313,0.053855,0.033292,-0.03645
1.538663,0.054373,0.033543,-0.03719
1.557963,0.05502,0.033313,-0.038136
1.5817,0.05581,0.033209,-0.03933
1.597598,0.056338,0.033154,-0.040151
1.613439,0.056865,0.033646,-0.040989
1.641728,0.057815,0.033657,-0.04254
1.657302,0.058341,0.033623,-0.043423
1.68148,0.059156,0.033545,-0.044836
1.7051,0.059951,0.034118,-0.046265
1.717731,0.060383,0.034349,-0.047056
1.741613,0.061199,0.034051,-0.048594
1.76093,0.061848,0.0329,-0.049874
1.778137,0.062418,0.033197,-0.05104
1.801469,0.063204,0.03433,-0.052686
1.816663,0.06371,0.032841,-0.053787
1.847243,0.064687,0.030895,-0.056056
1.863088,0.065178,0.031009,-0.057266
1.879304,0.065695,0.031835,-0.058553
1.898093,0.066284,0.031203,-0.060081
1.921886,0.06703,0.031107,-0.062093
1.938683,0.067551,0.031502,-0.063563
1.95549,0.068075,0.029554,-0.065082
1.982049,0.068876,0.030119,-0.067559
1.998727,0.069384,0.03066,-0.069186
2.022962,0.070123,0.030334,-0.071649
2.046365,0.070836,0.030851,-0.074144
2.058038,0.071196,0.030083,-0.075439
2.072048,0.071555,0.018046,-0.076958
2.075443,0.071572,-0.000275,-0.077258
2.077343,0.07156,-0.014459,-0.077404
2.087206,0.071428,-0.017692,-0.078093
2.102204,0.071178,-0.020497,-0.079116
2.128111,0.07067,-0.020688,-0.080877
2.14409,0.070357,-0.019479,-0.082017
2.159823,0.070052,-0.018921,-0.083185
2.179665,0.06967,-0.019218,-0.084725
2.203437,0.069203,-0.019967,-0.086659
2.220315,0.068866,-0.019779,-0.088097
2.23727,0.068534,-0.01965,-0.089613
2.264704,0.067985,-0.020198,-0.092197
2.28122,0.067651,-0.020501,-0.093843
2.303768,0.067172,-0.021763,-0.096181
2.329321,0.066619,-0.02116,-0.099006
2.341415,0.066367,-0.019981,-0.100433
2.365977,0.06586,-0.021864,-0.103506
2.390055,0.065326,-0.022226,-0.106695
2.402147,0.06506,-0.021394,-0.108397
2.424204,0.064611,-0.019312,-0.111743
2.444826,0.064192,-0.019709,-0.115114
2.461419,0.063864,-0.019438,-0.118027
2.4854,0.063399,-0.020494,-0.122583
2.502118,0.063053,-0.021112,-0.125972
2.526644,0.062535,-0.023777,-0.13135
2.536298,0.062237,-0.04024,-0.133419
2.538961,0.062081,-0.05198,-0.133849
2.541681,0.061912,-0.07298,-0.134271
2.552571,0.061138,-0.075742,-0.135801
2.560295,0.060544,-0.077515,-0.136831
2.580111,0.059039,-0.077117,-0.13969
2.609562,0.056752,-0.077486,-0.144345
2.625719,0.05549,-0.078281,-0.147186
2.649495,0.053629,-0.078466,-0.151827
2.67396,0.051703,-0.078801,-0.15727
2.68542,0.050796,-0.078961,-0.16009
2.709719,0.048875,-0.078978,-0.166805
2.7291,0.047332,-0.079618,-0.172976
2.745097,0.046058,-0.079427,-0.178759
2.768451,0.044193,-0.080131,-0.188589
2.783984,0.042943,-0.080401,-0.196239
2.809124,0.04091,-0.083415,-0.211135
2.816778,0.040172,-0.097074,-0.215839
2.825377,0.039301,-0.109568,-0.221372
2.821087,0.039664,-0.130131,-0.218167
2.820182,0.03977,-0.153843,-0.217666
2.822232,0.039471,-0.171093,-0.218492
2.823785,0.039196,-0.178049,-0.21887
2.84817,0.034919,-0.179753,-0.226054
2.86417,0.032031,-0.180859,-0.231583
2.880294,0.029096,-0.179725,-0.238435
2.906954,0.024236,-0.180441,-0.254809
2.922562,0.021387,-0.18093,2.546461
2.946631,0.016983,-0.180919,2.549234
2.967698,0.01311,-0.183134,2.551627
2.978261,0.011165,-0.175867,2.552817
2.977141,0.011377,-0.167473,2.552693
2.978407,0.011175,-0.142511,2.552842
2.978541,0.011156,-0.1327,2.552858
2.978569,0.011149,-0.108321,2.552861
2.977772,0.011228,-0.089027,2.552756
2.977552,0.011238,-0.073298,2.552724
2.977946,0.011202,-0.049332,2.552777
2.977936,0.011202,-0.034655,2.552775
2.978294,0.011181,-0.004581,2.552826
2.978363,0.011176,0.011344,2.552835
2.978019,0.01117,0.027628,2.55278
2.976614,0.011125,0.048497,2.552552
2.978155,0.011169,0.070027,2.552801
2.978315,0.011182,0.084524,2.552829
2.978214,0.011173,0.102148,2.552811
2.97795,0.011134,0.129365,2.552761
2.977926,0.011121,0.14566,2.552755
2.978254,0.01116,0.169225,2.552815
2.978557,0.011212,0.193078,2.552874
2.978557,0.011211,0.20511,2.552874
2.978617,0.011218,0.229404,2.552884
2.978431,0.011172,0.247965,2.552845
2.978098,0.011085,0.265232,2.552773
2.978552,0.011192,0.289402,2.552868
2.978447,0.011162,0.305535,2.552845
2.978111,0.011049,0.332287,2.552767
2.977564,0.01086,0.347889,2.552638
2.977645,0.010873,0.365313,2.552654
2.977548,0.010835,0.386012,2.55263
2.97765,0.010869,0.40897,2.552653
2.97707,0.010612,0.427542,2.552504
2.977092,0.010605,0.444171,2.552506
2.978104,0.01107,0.47327,2.55277
2.978146,0.011091,0.489306,2.552782
2.977976,0.011,0.513155,2.552734
2.977924,0.010965,0.533744,2.552718
2.978219,0.011129,0.546491,2.552802
2.978172,0.011107,0.57056,2.55279
2.978156,0.011092,0.591965,2.552784
2.978084,0.011043,0.607333,2.552761
2.978217,0.011131,0.629444,2.552802
2.977959,0.01094,0.6451,2.552718
2.978504,0.011335,0.674346,2.552894
2.978369,0.011237,0.691398,2.55285
2.978265,0.01115,0.706257,2.552814
2.977997,0.010921,0.728228,2.552719
2.977814,0.010742,0.750902,2.552649
2.978155,0.011045,0.765788,2.552773
2.978463,0.011345,0.781183,2.55289
2.978326,0.011225,0.810595,2.552841
2.97832,0.011219,0.82542,2.552839
2.977952,0.010825,0.846991,2.55269
2.977846,0.010686,0.872509,2.552641
2.97778,0.010608,0.884546,2.552613
2.978177,0.011079,0.907307,2.552784
2.978168,0.011065,0.927177,2.552779
2.978169,0.011065,0.94431,2.552779
2.978168,0.011062,0.966872,2.552779
2.978353,0.01132,0.981488,2.552867
2.978444,0.011468,1.009538,2.552916
2.978445,0.011472,1.025085,2.552917
2.978445,0.011473,1.04266,2.552917
2.978463,0.011501,1.060433,2.552926
2.978359,0.011317,1.08407,2.552867
2.978337,0.011276,1.10169,2.552855
2.978349,0.011295,1.118549,2.552861
2.978354,0.011304,1.144938,2.552864
2.978355,0.011304,1.16144,2.552864
2.978354,0.011303,1.185031,2.552863
2.978354,0.011301,1.208826,2.552863
2.978355,0.011303,1.218823,2.552864
2.978355,0.011302,1.241597,2.552863
2.978355,0.011302,1.261572,2.552863
2.978353,0.011295,1.275274,2.552861
2.978285,0.011075,1.298856,2.5528
2.978273,0.011032,1.315049,2.552788
2.97828,0.011051,1.342877,2.552793
2.978372,0.011421,1.358402,2.552893
2.978381,0.011493,1.373242,2.552912
2.978387,0.011528,1.392891,2.552921
2.978352,0.011342,1.416621,2.552872
2.978351,0.011313,1.431781,2.552865
2.978346,0.011275,1.447216,2.552856
2.978356,0.011349,1.474683,2.552874
2.978344,0.011215,1.489855,2.552841
2.978334,0.011061,1.513147,2.552804
2.978306,0.010587,1.537069,2.55269
2.978298,0.01033,1.548244,2.552629
2.97833,0.011114,1.572481,2.552816
2.97832,0.011249,1.592394,2.552846
2.978318,0.011118,1.607098,2.552815
2.978341,0.010455,1.630898,2.552664
2.978351,0.010515,1.646717,2.55268
2.978295,0.011259,1.673282,2.552844
2.978268,0.011444,1.689677,2.552883
2.978236,0.011699,1.70461,2.552937
2.978249,0.011545,1.723634,2.552903
2.978333,0.01097,1.746698,2.552783
2.978421,0.010494,1.762812,2.552686
2.978384,0.010753,1.777228,2.55274
2.978235,0.011489,1.80379,2.552888
2.978227,0.01151,1.818467,2.552892
2.978413,0.010752,1.840903,2.552745
2.978479,0.010564,1.863254,2.552711
2.978348,0.011044,1.874788,2.552802
2.97837,0.010933,1.896615,2.55278
2.97838,0.010916,1.915789,2.552778
2.978384,0.010906,1.93058,2.552776
2.978281,0.011184,1.952883,2.552824
2.978314,0.011103,1.968868,2.552811
2.978208,0.011365,1.993897,2.552855
2.978203,0.011369,2.006956,2.552855
2.978199,0.011376,2.021626,2.552856
2.978331,0.011094,2.04038,2.552811
2.978407,0.010959,2.06202,2.552792
2.978191,0.011382,2.076439,2.552857
2.977961,0.011791,2.091431,2.552916
2.978214,0.011322,2.116773,2.552846
2.978285,0.011206,2.130768,2.55283
2.97812,0.01148,2.152214,2.552868
2.978113,0.011489,2.172797,2.552869
2.978111,0.011493,2.184352,2.55287
2.978248,0.011296,2.20595,2.552845
2.978255,0.011287,2.22391,2.552844
2.978351,0.011158,2.238267,2.552829
2.978281,0.011254,2.260323,2.552841
2.97847,0.011013,2.274766,2.552814
2.979179,0.010184,2.299218,2.552732
2.978844,0.010593,2.313395,2.552775
2.978616,0.010838,2.328195,2.552796
2.977774,0.011735,2.346841,2.552874
2.978238,0.01123,2.368801,2.552828
2.978237,0.011231,2.382175,2.552829
2.978464,0.01101,2.396222,2.552812
2.977995,0.011452,2.420014,2.552842
2.977915,0.011511,2.433222,2.552844
2.97787,0.011546,2.453968,2.552845
2.978423,0.011087,2.47549,2.552824
2.978711,0.010862,2.486701,2.552816
2.968086,0.01927,2.488486,2.553122
2.953926,0.03019,2.489757,2.553467
2.941802,0.039444,2.491128,2.553742
2.923644,0.05327,2.490722,2.554151
2.910911,0.062986,2.489957,2.554445
2.887799,0.080596,2.49006,2.554981
2.874558,0.090688,2.490301,2.555292
2.861905,0.100315,2.490072,2.555589
2.8464,0.112123,2.490593,2.555958
2.827659,0.126392,2.490654,2.556411
2.814781,0.136203,2.490334,2.556726
2.803401,0.144867,2.490209,2.557006
2.779465,0.163122,2.490028,2.557611
2.765714,0.173614,2.489632,2.557964
2.747014,0.187867,2.489476,2.558447
2.727993,0.202381,2.489941,2.558949
2.718877,0.209328,2.490119,2.55919
2.699697,0.223966,2.489503,2.559709
2.683154,0.236587,2.490094,2.560161
2.670761,0.246025,2.49091,2.560499
2.651312,0.260846,2.48975,2.561039
2.638096,0.270922,2.490339,2.561412
2.618198,0.286075,2.491034,2.561976
2.605043,0.296105,2.489922,2.562358
2.591876,0.306151,2.489837,2.562745
2.576684,0.317736,2.49023,2.563196
2.556548,0.3331,2.489666,2.563805
2.544172,0.342536,2.490838,2.564181
2.531677,0.352062,2.489752,2.564566
2.50863,0.369638,2.489902,2.565287
2.496081,0.37921,2.490469,2.565686
2.483408,0.388862,2.490742,2.566089
2.461653,0.40543,2.490634,2.566791
2.449142,0.414963,2.490559,2.567202
2.428979,0.430313,2.49062,2.56787
2.410361,0.444477,2.491633,2.568494
2.401016,0.451581,2.491306,2.56881
2.382285,0.465832,2.491791,2.569454
2.366932,0.477495,2.492116,2.569984
2.353171,0.48795,2.491907,2.570466
2.334017,0.502476,2.492938,2.57114
2.32121,0.512183,2.493443,2.571595
2.29943,0.528701,2.492307,2.572383
2.287928,0.537431,2.49215,2.572808
2.276276,0.546286,2.490743,2.573247
2.257372,0.560686,2.491153,2.57398
2.238009,0.575395,2.492091,2.574731
2.225078,0.585215,2.49153,2.575239
2.211452,0.595587,2.490126,2.575789
2.191043,0.611102,2.490575,2.57662
2.177815,0.621172,2.491652,2.577172
2.158454,0.635895,2.491295,2.577988
2.138774,0.650868,2.491423,2.578836
2.129273,0.658088,2.491911,2.579248
2.111229,0.671799,2.491817,2.580041
2.09548,0.683767,2.491535,2.580746
2.082847,0.693371,2.49192,2.581321
2.064733,0.707137,2.491958,2.582156
2.052501,0.716422,2.492455,2.582725
2.028003,0.735005,2.492714,2.583883
2.015736,0.744312,2.49224,2.584474
2.003452,0.753642,2.491721,2.585078
1.988268,0.765177,2.491816,2.585835
1.967608,0.780881,2.492119,2.58689
1.954781,0.790619,2.492019,2.587552
1.941856,0.800437,2.492095,2.588231
1.919574,0.817368,2.491628,2.589425
1.906224,0.827514,2.491979,2.590156
1.887834,0.841473,2.49204,2.591175
1.869231,0.855606,2.491693,2.592231
1.859955,0.862656,2.49174,2.592767
1.84167,0.876549,2.492827,2.59384
1.832775,0.883226,2.50289,2.594338
1.831324,0.88427,2.51319,2.594401
1.828314,0.886427,2.532282,2.59453
1.821426,0.89126,2.534424,2.594786
1.803372,0.903757,2.538327,2.595396
1.789291,0.91346,2.539632,2.595862
1.775597,0.922873,2.539717,2.596314
1.758031,0.934933,2.54052,2.596898
1.739082,0.947911,2.541451,2.597528
1.725592,0.957143,2.541636,2.597983
1.713325,0.965531,2.541607,2.598399
1.690409,0.981203,2.542252,2.599196
1.67754,0.989992,2.542384,2.599648
1.657265,1.003841,2.542614,2.600375
1.637136,1.017582,2.543006,2.601112
1.627,1.024495,2.543224,2.601487
1.607226,1.03796,2.543692,2.602224
1.590782,1.04916,2.54347,2.602852
1.577604,1.058137,2.544057,2.603366
1.557623,1.071727,2.544446,2.604153
1.54381,1.08112,2.544354,2.604708
1.521325,1.096423,2.543915,2.605641
1.508644,1.105049,2.544711,2.606177
1.495878,1.113718,2.545392,2.606719
1.478892,1.125257,2.544543,2.607457
1.459305,1.138569,2.544803,2.608334
1.446328,1.147383,2.545568,2.608926
1.429533,1.158781,2.545088,2.609704
1.409485,1.172406,2.544534,2.610668
1.396572,1.181181,2.545551,2.611303
1.383213,1.190242,2.545366,2.611964
1.360803,1.205464,2.544866,2.613115
1.346112,1.215446,2.544372,2.613894
1.325672,1.229338,2.545445,2.615009
1.306341,1.24246,2.545139,2.616088
1.296307,1.249281,2.544573,2.616666
1.276822,1.262526,2.544595,2.617818
1.257,1.275988,2.544906,2.619019
1.247075,1.282729,2.54491,2.619636
1.227079,1.296328,2.544221,2.620922
1.21007,1.307901,2.544898,2.622054
1.196418,1.31717,2.54475,2.622975
1.177155,1.330263,2.544155,2.624321
1.163795,1.339354,2.544253,2.625288
1.141161,1.354745,2.544628,2.626975
1.12812,1.36361,2.544565,2.627977
1.114424,1.372922,2.544423,2.629057
1.098139,1.383996,2.544211,2.630379
1.078457,1.397373,2.545012,2.632029
1.065301,1.406312,2.544659,2.633165
1.048921,1.417446,2.544606,2.634625
1.028702,1.431184,2.545231,2.636491
1.014896,1.440556,2.54525,2.637804
1.00224,1.449144,2.545632,2.639038
0.97903,1.464912,2.544424,2.641403
0.966106,1.473699,2.544743,2.642777
0.945942,1.487392,2.54516,2.644988
0.926277,1.500746,2.545196,2.647241
0.916489,1.507392,2.545024,2.648401
0.897259,1.520443,2.546619,2.650752
0.887212,1.527151,2.558061,2.651925
0.882573,1.530189,2.567417,2.652425
0.883259,1.529636,2.590321,2.652259
0.875006,1.534733,2.592928,2.652885
0.868572,1.538659,2.595061,2.653337
0.843646,1.553869,2.59584,2.655161
0.830377,1.561924,2.59609,2.656139
0.805711,1.576892,2.596777,2.658039
0.792612,1.58482,2.597606,2.659077
0.779484,1.592759,2.59776,2.660148
0.762968,1.60274,2.598267,2.66154
0.741662,1.615602,2.598802,2.663418
0.728594,1.623477,2.599287,2.66461
0.714571,1.631928,2.599296,2.665942
0.689842,1.646823,2.599473,2.668417
0.67601,1.65515,2.600108,2.669877
0.656479,1.666886,2.60005,2.672023
0.636299,1.679028,2.600246,2.674403
0.624398,1.686186,2.600582,2.675878
0.603096,1.698964,2.601822,2.678625
0.586466,1.70894,2.600563,2.680914
0.573121,1.716955,2.600956,2.682865
0.552963,1.729055,2.601609,2.685987
0.540178,1.736711,2.602553,2.688066
0.515498,1.751516,2.601344,2.692427
0.502105,1.759542,2.602008,2.694967
0.488517,1.767678,2.602208,2.697682
0.469521,1.779047,2.602434,2.701746
0.448956,1.791348,2.602867,2.706541
0.435209,1.799565,2.602746,2.710001
0.421437,1.807794,2.603015,2.7137
0.407188,1.816203,2.618251,2.717591
0.400341,1.82012,2.632694,2.719307
0.401791,1.819183,2.65143,2.718717
0.390655,1.825131,2.656106,2.720711
0.385137,1.828038,2.657431,2.721656
0.360046,1.841271,2.658144,2.726369
0.342445,1.850516,2.658354,2.730005
0.328343,1.857918,2.65838,2.733197
0.307611,1.868785,2.659016,2.738401
0.29299,1.876449,2.6591,2.742529
0.268627,1.889203,2.659393,2.750393
0.254216,1.896749,2.659745,2.755791
0.239817,1.90428,2.659285,2.76183
0.219864,1.914728,2.659394,2.771612
0.203122,1.923477,2.661661,2.781302
0.190957,1.92978,2.666105,2.789214
0.186632,1.931921,2.679634,2.791815
0.187829,1.931224,2.705223,2.790593
0.187548,1.931353,2.720311,2.790717
0.184827,1.932566,2.746671,2.791751
0.172782,1.937618,2.750023,2.795114
0.161523,1.942297,2.755466,2.798482
0.139313,1.951418,2.754667,2.806055
0.120811,1.958998,2.750153,2.814405
0.105803,1.965152,2.752406,2.823416
0.084896,1.973725,2.753281,2.841451
0.069725,1.979944,2.752271,-2.378361
0.044154,1.990433,2.752231,-2.369509
0.029411,1.99647,2.754064,-2.364377
0.021146,1.999762,2.763456,-2.361513
0.017001,2.001344,2.779201,-2.360091
0.015974,2.001715,2.800087,-2.359744
0.015815,2.001775,2.816428,-2.359689
0.016192,2.001651,2.831591,-2.359814
0.016982,2.001423,2.857903,-2.360066
0.018147,2.001092,2.874117,-2.360438
0.015988,2.001737,2.897577,-2.359742
0.015838,2.001775,2.921019,-2.359695
0.016091,2.00172,2.932263,-2.359771
0.016517,2.001647,2.956503,-2.359895
0.016897,2.001593,2.974123,-2.360003
0.01632,2.001709,2.989891,-2.359831
0.015887,2.001773,3.013628,-2.359707
0.015821,2.001784,3.032868,-2.359688
0.016253,2.001737,3.048715,-2.359807
0.017271,2.001657,3.072423,-2.36008
0.017114,2.00169,3.092618,-2.360032
0.017193,2.001687,3.108938,-2.360053
0.016116,2.001737,3.132188,-2.359773
0.016177,2.001737,-3.135129,-2.359788
0.016329,2.001747,-3.106383,-2.359824
0.016309,2.001754,-3.090575,-2.359817
0.015993,2.001748,-3.073975,-2.35974
0.015857,2.001737,-3.053588,-2.359709
0.016042,2.001755,-3.031094,-2.35975
0.016374,2.001794,-3.015502,-2.359823
0.01685,2.001857,-2.999488,-2.359925
0.016271,2.001794,-2.972626,-2.359798
0.01611,2.001765,-2.957467,-2.359765
0.015909,2.001729,-2.942429,-2.359724
0.01615,2.001778,-2.913739,-2.359771
0.016277,2.001809,-2.898912,-2.359795
0.016623,2.001899,-2.875876,-2.359859
0.015988,2.001734,-2.85129,-2.359742
0.015985,2.001726,-2.8412,-2.359744
0.016135,2.001771,-2.81617,-2.359769
0.016738,2.001974,-2.795899,-2.359868
0.017299,2.00218,-2.779214,-2.359956
0.016257,2.001813,-2.756176,-2.359789
0.015902,2.001667,-2.741073,-2.359738
0.016337,2.001839,-2.712616,-2.359802
0.016158,2.001763,-2.696764,-2.359777
0.016064,2.001717,-2.680949,-2.359765
0.016244,2.001803,-2.66056,-2.359789
0.016318,2.001846,-2.635881,-2.359796
0.01618,2.001775,-2.618403,-2.359779
0.016076,2.001715,-2.603304,-2.359769
0.016112,2.001734,-2.573549,-2.359773
0.016138,2.001751,-2.55889,-2.359775
0.016264,2.001835,-2.534201,-2.359786
0.017058,2.002386,-2.510019,-2.359845
0.017496,2.002709,-2.498205,-2.359873
0.016663,2.002119,-2.475002,-2.359813
0.016564,2.00203,-2.454462,-2.359811
0.016425,2.001918,-2.436656,-2.359805
0.015462,2.001103,-2.412773,-2.359769
0.009677,1.996111,-2.406129,-2.359581
-0.008543,1.979898,-2.410361,-2.359105
-0.02024,1.96938,-2.408056,-2.358823
-0.032425,1.958406,-2.409436,-2.35853
-0.047371,1.944939,-2.408581,-2.358167
-0.063838,1.930058,-2.409596,-2.357773
-0.075549,1.919508,-2.408359,-2.35748
-0.08713,1.909062,-2.407604,-2.357191
-0.108477,1.8898,-2.407622,-2.35665
-0.119961,1.87942,-2.407004,-2.356359
-0.138798,1.862406,-2.405816,-2.355871
-0.15636,1.84649,-2.405798,-2.355422
-0.165027,1.838634,-2.405273,-2.355198
-0.182554,1.822741,-2.405215,-2.35474
-0.199413,1.807446,-2.405183,-2.354294
-0.208015,1.799646,-2.405036,-2.354061
-0.227553,1.781934,-2.404704,-2.353526
-0.242123,1.768701,-2.404749,-2.353125
-0.253942,1.757977,-2.404707,-2.352793
-0.271519,1.742027,-2.404965,-2.352291
-0.282943,1.731666,-2.405327,-2.351959
-0.304352,1.712261,-2.404978,-2.35132
-0.315685,1.701977,-2.405235,-2.350979
-0.327694,1.691095,-2.405437,-2.350608
-0.3422,1.677942,-2.405412,-2.350156
-0.358672,1.663008,-2.405242,-2.349634
-0.36961,1.653095,-2.405436,-2.34928
-0.383857,1.640194,-2.405054,-2.348809
-0.404043,1.621887,-2.405529,-2.348137
-0.416022,1.611034,-2.405594,-2.347727
-0.434223,1.594544,-2.405426,-2.347092
-0.451798,1.578623,-2.405853,-2.346466
-0.460425,1.570814,-2.405912,-2.346151
-0.477767,1.555115,-2.406049,-2.34551
-0.494255,1.540198,-2.405834,-2.344884
-0.506423,1.529176,-2.405744,-2.344418
-0.523993,1.513264,-2.405705,-2.343732
-0.535647,1.502714,-2.406153,-2.343266
-0.555393,1.484836,-2.405758,-2.342463
-0.567146,1.474195,-2.405646,-2.341974
-0.57881,1.463632,-2.40572,-2.341484
-0.595238,1.44876,-2.405723,-2.340777
-0.612974,1.432692,-2.405303,-2.340001
-0.62497,1.421817,-2.405187,-2.339467
-0.637017,1.410896,-2.405281,-2.338923
-0.657076,1.392717,-2.405077,-2.337995
-0.668604,1.382269,-2.405296,-2.33745
-0.68558,1.366881,-2.404886,-2.336632
-0.704357,1.34986,-2.405167,-2.335703
-0.713822,1.34128,-2.405061,-2.335226
-0.729908,1.326691,-2.405056,-2.334402
-0.745284,1.312747,-2.405134,-2.333596
-0.75765,1.301535,-2.404974,-2.332933
-0.775438,1.285396,-2.404647,-2.331962
-0.787452,1.274497,-2.404899,-2.331291
-0.807762,1.256079,-2.405332,-2.330125
-0.819896,1.24508,-2.405015,-2.329409
-0.831334,1.234705,-2.404957,-2.328724
-0.845694,1.221684,-2.405083,-2.327844
-0.863977,1.205112,-2.405262,-2.326692
-0.876491,1.193767,-2.405002,-2.325884
-0.891943,1.179752,-2.405034,-2.324867
-0.909214,1.164085,-2.404958,-2.323699
-0.92136,1.153072,-2.405245,-2.322855
-0.93233,1.143125,-2.404896,-2.322077
-0.952853,1.12451,-2.404903,-2.320586
-0.964386,1.114048,-2.404882,-2.319724
-0.982677,1.097459,-2.404957,-2.318319
-1.000518,1.081271,-2.40463,-2.316908
-1.00947,1.073146,-2.404444,-2.316183
-1.027347,1.056924,-2.404971,-2.314697
-1.041779,1.043835,-2.404961,-2.313458
-1.053298,1.033388,-2.405138,-2.312444
-1.071427,1.016954,-2.405286,-2.310798
-1.083278,1.006214,-2.405235,-2.309689
-1.105174,0.986359,-2.405059,-2.307576
-1.117141,0.97551,-2.405084,-2.30638
-1.128681,0.965048,-2.405386,-2.305198
-1.143224,0.951873,-2.4056,-2.303664
-1.160388,0.936316,-2.405071,-2.301795
-1.171741,0.925984,-2.398987,-2.300544
-1.174698,0.923201,-2.390161,-2.300263
-1.17344,0.924278,-2.366797,-2.30044
-1.174022,0.923706,-2.364151,-2.300398
-1.192873,0.905196,-2.360203,-2.298985
-1.208807,0.889396,-2.359897,-2.297828
-1.217743,0.880535,-2.359823,-2.297159
-1.234918,0.863461,-2.358795,-2.295858
-1.249654,0.848793,-2.358865,-2.29471
-1.260461,0.838024,-2.357813,-2.293847
-1.276716,0.821818,-2.357123,-2.292509
-1.287595,0.810958,-2.357002,-2.29159
-1.309177,0.789405,-2.356623,-2.289694
-1.320491,0.778092,-2.356114,-2.288664
-1.331918,0.766658,-2.355419,-2.287596
-1.346963,0.751585,-2.355144,-2.28615
-1.363298,0.735205,-2.354819,-2.284518
-1.374611,0.723856,-2.354372,-2.283344
-1.385967,0.712457,-2.354034,-2.282132
-1.405237,0.693096,-2.354139,-2.279989
-1.416688,0.681592,-2.353973,-2.278653
-1.433248,0.66496,-2.35391,-2.27663
-1.450444,0.647685,-2.353851,-2.274415
-1.459073,0.639016,-2.353983,-2.273254
-1.476004,0.622011,-2.354071,-2.270875
-1.493002,0.604942,-2.353904,-2.268338
-1.501522,0.596382,-2.353829,-2.26701
-1.517855,0.579969,-2.353668,-2.264351
-1.532537,0.565215,-2.353844,-2.261816
-1.543354,0.554344,-2.353592,-2.259857
-1.56046,0.537158,-2.353869,-2.256578
-1.571556,0.52601,-2.353868,-2.254326
-1.590985,0.506493,-2.353762,-2.25012
-1.603152,0.494266,-2.353478,-2.247306
-1.61516,0.482195,-2.353876,-2.244378
-1.625575,0.471667,-2.346404,-2.241765
-1.625202,0.471945,-2.330972,-2.241964
-1.626276,0.470802,-2.315587,-2.241747
-1.625395,0.471737,-2.301127,-2.241928
-1.634652,0.461409,-2.290628,-2.240524
-1.643353,0.451514,-2.288594,-2.239343
-1.659135,0.433486,-2.288626,-2.237149
-1.674565,0.415795,-2.287674,-2.234887
-1.682089,0.407159,-2.28736,-2.233723
-1.69869,0.388084,-2.286346,-2.230983
-1.711212,0.373664,-2.286127,-2.228764
-1.721247,0.362103,-2.28548,-2.226859
-1.737349,0.343542,-2.284787,-2.223537
-1.74824,0.330973,-2.284763,-2.221089
-1.767057,0.309246,-2.284156,-2.216382
-1.776504,0.298319,-2.283808,-2.213777
-1.786625,0.286612,-2.283317,-2.210752
-1.800024,0.271102,-2.283078,-2.206341
-1.815773,0.252857,-2.282689,-2.200448
-1.826459,0.240466,-2.281891,-2.19593
-1.837209,0.227993,-2.282151,-2.190868
-1.854912,0.207449,-2.281916,-2.181114
-1.864646,0.196148,-2.281945,-2.174822
-1.879548,0.178842,-2.282085,-2.163523
-1.887664,0.169251,-2.266467,-2.15676
-1.89145,0.164691,-2.258279,-2.153549
-1.888763,0.16784,-2.235973,-2.156085
-1.888857,0.167727,-2.216612,-2.156008
-1.889681,0.166653,-2.201648,-2.15554
-1.895525,0.158689,-2.194206,-2.153029
-1.904335,0.146512,-2.192207,-2.149244
-1.921208,0.122957,-2.190218,-2.140681
-1.930248,0.110311,-2.191468,-2.13464
-1.939542,0.097294,-2.190164,-2.126801
-1.950596,0.081772,-2.189042,-0.041897
-1.964308,0.062508,-2.189044,-0.031811
-1.973526,0.049548,-2.188563,-0.025101
-1.981656,0.038,-2.179744,-0.019173
-1.98254,0.036498,-2.158887,-0.018408
-1.982612,0.036367,-2.140921,-0.018341
-1.982824,0.036051,-2.118069,-0.01818
-1.98308,0.035644,-2.096005,-0.017972
-1.982982,0.035816,-2.084545,-0.01806
-1.982956,0.035893,-2.059313,-0.018099
-1.983045,0.035749,-2.039119,-0.018025
-1.982907,0.036025,-2.02614,-0.018166
-1.983074,0.035724,-2.000315,-0.018013
-1.982905,0.036101,-1.98255,-0.018204
-1.982959,0.036032,-1.95691,-0.018169
-1.983064,0.035803,-1.93991,-0.018052
-1.983092,0.035744,-1.921639,-0.018022
-1.983045,0.035887,-1.901356,-0.018095
-1.983016,0.036002,-1.878719,-0.018153
-1.982915,0.036329,-1.862357,-0.018319
-1.9829,0.036415,-1.84505,-0.018362
-1.98314,0.03563,-1.81527,-0.017965
-1.983201,0.035379,-1.799187,-0.017838
-1.983181,0.035463,-1.775205,-0.01788
-1.983038,0.036167,-1.750251,-0.018236
-1.983063,0.036109,-1.736163,-0.018207
-1.983156,0.035614,-1.710839,-0.017956
-1.983168,0.035497,-1.688811,-0.017897
-1.983175,0.03546,-1.673267,-0.017879
-1.983092,0.036266,-1.648358,-0.018286
-1.983035,0.037066,-1.631667,-0.018689
-1.983091,0.036606,-1.602584,-0.018457
-1.983115,0.03601,-1.585082,-0.018156
-1.983118,0.035557,-1.568406,-0.017928
-1.983108,0.035812,-1.546561,-0.018056
-1.983125,0.036554,-1.519286,-0.018431
-1.983148,0.036689,-1.502914,-0.018498
-1.983125,0.036142,-1.482619,-0.018223
-1.983103,0.036036,-1.45523,-0.018169
-1.983105,0.036029,-1.438395,-0.018166
-1.983114,0.036094,-1.421453,-0.018199
-1.983191,0.036583,-1.391833,-0.018444
-1.983225,0.036765,-1.375015,-0.018536
-1.983086,0.035999,-1.350427,-0.018151
-1.983081,0.035975,-1.324688,-0.018139
-1.983088,0.036003,-1.312719,-0.018153
-1.983175,0.036334,-1.288626,-0.018319
-1.98321,0.036423,-1.268988,-0.018364
-1.98313,0.036137,-1.251492,-0.01822
-1.983077,0.035996,-1.22628,-0.01815
-1.983071,0.035979,-1.210492,-0.018141
-1.983243,0.036434,-1.179749,-0.018369
-1.98333,0.036633,-1.163326,-0.018468
-1.983445,0.036894,-1.145939,-0.018599
-1.983191,0.036301,-1.115994,-0.018302
-1.983188,0.036294,-1.098042,-0.018299
-1.983194,0.036306,-1.081161,-0.018305
-1.983255,0.036422,-1.057989,-0.018363
-1.98321,0.03633,-1.032236,-0.018317
-1.983267,0.036436,-1.015346,-0.01837
-1.983345,0.03656,-0.997925,-0.018431
-1.983098,0.036164,-0.969739,-0.018234
-1.983146,0.036249,-0.95626,-0.018277
-1.983285,0.036444,-0.929496,-0.018373
-1.983198,0.036317,-0.90422,-0.01831
-1.98315,0.036256,-0.892014,-0.01828
-1.983329,0.036484,-0.866136,-0.018394
-1.983094,0.036199,-0.849191,-0.018252
-1.982888,0.035969,-0.831185,-0.018138
-1.98301,0.036117,-0.805963,-0.018211
-1.983319,0.036452,-0.788485,-0.018377
-1.98352,0.036636,-0.759254,-0.018468
-1.983098,0.036219,-0.743343,-0.018262
-1.983024,0.036164,-0.725372,-0.018235
-1.98293,0.036082,-0.704986,-0.018194
-1.982974,0.036124,-0.678981,-0.018215
-1.982976,0.036125,-0.663499,-0.018216
-1.983694,0.036702,-0.647852,-0.0185
-1.982961,0.036125,-0.621297,-0.018215
-1.982456,0.035767,-0.604022,-0.01804
-1.982963,0.036144,-0.580072,-0.018225
-1.983551,0.036534,-0.555824,-0.018417
-1.983672,0.036601,-0.542712,-0.018449
-1.983121,0.036254,-0.518615,-0.018279
-1.982989,0.036193,-0.498745,-0.01825
-1.98287,0.03613,-0.482976,-0.018219
-1.98312,0.036267,-0.457071,-0.018286
-1.983134,0.036273,-0.441258,-0.018289
-1.983123,0.036268,-0.413528,-0.018286
-1.982952,0.036189,-0.39776,-0.018248
-1.982804,0.036128,-0.381195,-0.018219
-1.982873,0.036161,-0.360992,-0.018235
-1.983073,0.036239,-0.336076,-0.018272
-1.983105,0.036246,-0.320123,-0.018276
-1.982972,0.036199,-0.298948,-0.018253
-1.982898,0.03618,-0.275348,-0.018244
-1.982866,0.036171,-0.258095,-0.01824
-1.983157,0.036253,-0.242654,-0.018278
-1.982858,0.036174,-0.213006,-0.018241
-1.982828,0.036168,-0.197726,-0.018238
-1.982849,0.036173,-0.172608,-0.018241
-1.983078,0.036214,-0.148098,-0.01826
-1.982926,0.036184,-0.135724,-0.018246
-1.983055,0.036206,-0.110531,-0.018256
-1.983093,0.036207,-0.091818,-0.018256
-1.981365,0.036016,-0.075878,-0.018176
-1.972701,0.035302,-0.067736,-0.017893
-1.965932,0.034837,-0.06899,-0.017719
-1.933032,0.032424,-0.066832,-0.016772
-1.917528,0.031387,-0.069141,-0.016367
-1.901111,0.030255,-0.068582,-0.015913
-1.882109,0.028973,-0.068645,-0.015393
-1.857394,0.027291,-0.067949,-0.014692
-1.841444,0.026214,-0.067465,-0.014234
-1.824939,0.025087,-0.06823,-0.013746
-1.798832,0.023323,-0.068329,-0.012965
-1.782097,0.022171,-0.067932,-0.01244
-1.757743,0.020526,-0.067548,-0.011677
-1.733197,0.01887,-0.068148,-0.010887
-1.720575,0.018007,-0.06817,-0.010466
-1.69745,0.016447,-0.067956,-0.009689
-1.678097,0.015135,-0.067529,-0.009019
-1.662316,0.014065,-0.067984,-0.008461
-1.637291,0.012367,-0.067352,-0.007553
-1.620939,0.011266,-0.067158,-0.00695
-1.592253,0.009349,-0.067089,-0.005872
-1.576951,0.008323,-0.067182,-0.005278
-1.560779,0.007235,-0.066797,-0.004636
-1.54121,0.005931,-0.066849,-0.003848
-1.51859,0.00441,-0.068029,-0.002904
-1.503481,0.003388,-0.06755,-0.002253
-1.484777,0.002118,-0.066932,-0.001426
-1.458619,0.000366,-0.066864,-0.000251
-1.443086,-0.000677,-0.067114,0.000469
-1.42028,-0.002209,-0.067051,0.001555
-1.393871,-0.003984,-0.0672,0.002858
-1.382191,-0.004758,-0.066339,0.003442
-1.358763,-0.006314,-0.066476,0.004647
-1.338141,-0.007685,-0.066073,0.005743
-1.322592,-0.008714,-0.066197,0.006588
-1.299178,-0.010258,-0.066027,0.007896
-1.2835,-0.011296,-0.066366,0.008801
-1.255404,-0.013157,-0.065905,0.01048
-1.238544,-0.014273,-0.06582,0.011524
-1.221712,-0.015379,-0.065198,0.012587
-1.202153,-0.016656,-0.065571,0.013854
-1.178563,-0.018206,-0.065684,0.015447
-1.163069,-0.019225,-0.065878,0.016528
-1.147525,-0.020245,-0.065177,0.017641
-1.120184,-0.022037,-0.065409,0.01967
-1.104828,-0.023042,-0.065307,0.020852
-1.079795,-0.024685,-0.065082,0.022857
-1.054247,-0.026351,-0.065322,0.02499
-1.041422,-0.027188,-0.064989,0.026101
-1.018938,-0.028652,-0.064797,0.028112
-0.99922,-0.02993,-0.064911,0.029944
-0.983409,-0.03096,-0.065503,0.031472
-0.958648,-0.032574,-0.064792,0.033967
-0.942651,-0.033616,-0.065173,0.035646
-0.914072,-0.035476,-0.065052,0.038791
-0.900888,-0.036327,-0.06379,0.040302
-0.893064,-0.036774,-0.053672,0.041155
-0.886991,-0.037034,-0.02867,0.041728
-0.8839,-0.037118,-0.017906,0.041969
-0.881557,-0.037149,-0.012185,0.042116
-0.865865,-0.03738,-0.009686,0.043144
-0.837014,-0.037699,-0.008645,0.04501
-0.82175,-0.037841,-0.009086,0.046017
-0.806418,-0.037981,-0.009528,0.047064
-0.777834,-0.038236,-0.008501,0.049117
-0.761126,-0.038381,-0.008344,0.050384
-0.744309,-0.038519,-0.00801,0.051705
-0.718325,-0.038722,-0.007578,0.053854
-0.702842,-0.038841,-0.007573,0.055206
-0.677819,-0.039027,-0.00717,0.057515
-0.654092,-0.039201,-0.00704,0.059861
-0.642173,-0.039283,-0.006497,0.061096
-0.615662,-0.039452,-0.006398,0.063994
-0.596161,-0.039575,-0.006372,0.066285
-0.580535,-0.039676,-0.006378,0.068237
-0.555928,-0.039822,-0.005485,0.071509
-0.539995,-0.039912,-0.005808,0.073778
-0.512035,-0.040075,-0.006229,0.078107
-0.496658,-0.040167,-0.00558,0.080698
-0.481111,-0.040249,-0.005077,0.083463
-0.460353,-0.040359,-0.005468,0.087447
-0.438731,-0.040477,-0.005463,0.091999
-0.423356,-0.040559,-0.00505,0.095512
-0.405765,-0.040648,-0.004845,0.099842
-0.379525,-0.04077,-0.002572,0.107014
-0.364424,-0.040759,0.006906,0.111381
-0.365939,-0.04067,0.025925,0.110684
-0.365622,-0.040654,0.049062,0.110735
-0.364792,-0.040623,0.060067,0.110903
-0.35472,-0.040047,0.064578,0.112421
-0.336148,-0.038883,0.065909,0.115161
-0.321044,-0.037895,0.064472,0.117492
-0.298037,-0.036368,0.066704,0.121424
-0.282587,-0.035328,0.066928,0.12437
-0.254691,-0.033438,0.067613,0.130541
-0.238681,-0.032351,0.068106,0.134721
-0.222485,-0.031246,0.068291,0.139528
-0.202883,-0.029905,0.068523,0.146344
-0.178453,-0.028237,0.068096,0.156932
-0.162935,-0.027171,0.068675,0.165237
-0.147272,-0.026091,0.068744,0.175341
-0.119596,-0.024179,0.069118,0.199482
-0.103987,-0.023104,0.068897,0.218626
-0.089952,-0.022022,0.082574,0.240102