0.0,0.0,-0.036192,0.0
0.0,0.0,-0.036141,0.0
0.0,0.0,-0.036234,0.0
0.0,0.0,-0.036426,0.0
0.000463,-1.7e-05,-0.036496,6e-06
0.009097,-0.000333,-0.0376,0.000111
0.030566,-0.001136,-0.037742,0.000383
0.050557,-0.001882,-0.037168,0.000638
0.066997,-0.002494,-0.036901,0.00085
0.091961,-0.00343,-0.038196,0.00118
0.106452,-0.003974,-0.037481,0.001373
0.129427,-0.004832,-0.036937,0.001683
0.148624,-0.00555,-0.037034,0.001947
0.163912,-0.006122,-0.037294,0.002159
0.185774,-0.006933,-0.037046,0.002464
0.209619,-0.00782,-0.03697,0.002802
0.224868,-0.008385,-0.037291,0.003021
0.241229,-0.008998,-0.037765,0.003262
0.269083,-0.010043,-0.037419,0.003677
0.285769,-0.010668,-0.037195,0.00393
0.302711,-0.0113,-0.03773,0.004189
0.329747,-0.012329,-0.038208,0.004617
0.346379,-0.012962,-0.038123,0.004885
0.368811,-0.013818,-0.038059,0.005252
0.388165,-0.014561,-0.038223,0.005575
0.406555,-0.015264,-0.038201,0.005886
0.430982,-0.016199,-0.038048,0.006306
0.446315,-0.016785,-0.038441,0.006573
0.470299,-0.017707,-0.038365,0.007
0.489504,-0.018442,-0.038372,0.007346
0.506658,-0.0191,-0.038156,0.00766
0.527696,-0.019904,-0.038436,0.00805
0.550372,-0.020774,-0.038136,0.00848
0.56608,-0.021375,-0.038484,0.008782
0.581795,-0.021977,-0.038126,0.009088
0.610187,-0.023068,-0.038465,0.009652
0.626488,-0.023693,-0.038379,0.009982
0.642788,-0.02432,-0.038419,0.010317
0.669413,-0.025339,-0.038446,0.010872
0.685303,-0.025951,-0.038123,0.011211
0.709198,-0.026862,-0.038151,0.011726
0.730084,-0.027658,-0.037818,0.012184
0.74615,-0.028267,-0.038175,0.012541
0.769785,-0.029159,-0.037284,0.013074
0.786082,-0.029765,-0.037252,0.013444
0.81014,-0.030666,-0.037193,0.014003
0.829429,-0.031393,-0.037899,0.014462
0.846151,-0.032021,-0.0376,0.014866
0.865636,-0.032754,-0.037616,0.015345
0.890067,-0.03367,-0.037568,0.015956
0.905424,-0.034252,-0.037565,0.016351
0.920786,-0.034827,-0.037341,0.016749
0.949341,-0.035898,-0.037644,0.017504
0.964856,-0.03648,-0.037675,0.017923
0.980584,-0.037071,-0.037263,0.018355
1.0099,-0.038164,-0.037159,0.019175
1.025365,-0.03874,-0.03699,0.019616
1.048511,-0.039597,-0.037102,0.020288
1.067855,-0.040309,-0.036833,0.020859
1.083425,-0.040884,-0.036922,0.021328
1.11007,-0.041869,-0.037088,0.02215
1.126212,-0.042472,-0.037104,0.022662
1.149582,-0.04334,-0.037615,0.023418
1.169486,-0.044091,-0.037836,0.024082
1.184308,-0.044652,-0.037946,0.024587
1.20471,-0.045425,-0.037641,0.025297
1.23153,-0.046437,-0.037979,0.026252
1.247835,-0.047057,-0.038025,0.02685
1.264472,-0.047693,-0.038555,0.027474
1.29093,-0.048708,-0.03826,0.028492
1.306219,-0.049293,-0.038163,0.029094
1.322312,-0.049908,-0.037933,0.029739
1.349397,-0.050937,-0.037778,0.03085
1.364782,-0.051517,-0.037689,0.031494
1.390222,-0.052473,-0.037323,0.032585
1.408761,-0.053164,-0.037693,0.033398
1.424366,-0.053753,-0.037168,0.034102
1.449482,-0.05469,-0.037602,0.035257
1.465502,-0.05529,-0.037427,0.036016
1.490365,-0.05622,-0.037493,0.037224
1.510543,-0.05697,-0.036764,0.03823
1.525929,-0.057538,-0.037105,0.039014
1.546157,-0.058285,-0.036762,0.040069
1.569692,-0.05916,-0.037546,0.041338
1.585844,-0.059758,-0.036751,0.042232
1.601979,-0.060353,-0.037062,0.043144
1.629312,-0.06137,-0.037139,0.044743
1.645704,-0.061984,-0.037375,0.045737
1.661955,-0.062588,-0.037021,0.046742
1.689736,-0.06362,-0.036756,0.048517
1.705574,-0.064204,-0.03718,0.04956
1.72912,-0.065082,-0.036664,0.051166
1.749052,-0.065814,-0.036538,0.052563
1.766346,-0.066441,-0.036392,0.053805
1.789222,-0.067285,-0.03691,0.055515
1.805383,-0.067882,-0.036469,0.056762
1.828823,-0.068733,-0.036639,0.05862
1.848328,-0.069448,-0.036808,0.060229
1.865926,-0.0701,-0.037454,0.061734
1.885519,-0.070833,-0.037157,0.063471
1.908356,-0.07168,-0.036957,0.065569
1.924135,-0.072264,-0.036782,0.067067
1.939776,-0.072807,-0.028472,0.068564
1.940308,-0.07273,-0.006495,0.068526
1.941683,-0.072729,0.007614,0.068614
1.949749,-0.072727,0.006308,0.069137
1.973742,-0.072583,0.007172,0.070608
1.989896,-0.072462,0.008833,0.071614
2.013095,-0.072261,0.008729,0.073089
2.032859,-0.072089,0.008645,0.0744
2.047334,-0.071956,0.009265,0.075388
2.070092,-0.071751,0.009126,0.077007
2.088391,-0.071586,0.009406,0.078367
2.11236,-0.071355,0.009814,0.080215
2.131613,-0.071158,0.010393,0.08176
2.146939,-0.071001,0.009786,0.08304
2.166186,-0.070811,0.010164,0.084721
2.192611,-0.070551,0.009884,0.08716
2.208567,-0.07039,0.010075,0.088707
2.224111,-0.070233,0.010062,0.090273
2.252638,-0.069947,0.010325,0.09332
2.268895,-0.069784,0.010368,0.095162
2.285245,-0.069612,0.010597,0.097087
2.311656,-0.069331,0.010556,0.100383
2.32793,-0.069163,0.010167,0.102549
2.35266,-0.068903,0.010551,0.106041
2.372905,-0.068689,0.011319,0.1091
2.388289,-0.068517,0.011005,0.111544
2.412319,-0.068258,0.010815,0.11563
2.426876,-0.068099,0.010503,0.118266
2.439347,-0.067886,0.022888,0.120498
2.44104,-0.067806,0.040162,0.120718
2.442078,-0.06775,0.059773,0.120842
2.45071,-0.06725,0.069324,0.121824
2.471009,-0.065845,0.070569,0.123837
2.48616,-0.064762,0.073965,0.125374
2.501129,-0.063663,0.068979,0.126929
2.530782,-0.061511,0.073007,0.13035
2.54595,-0.060357,0.076921,0.132156
2.562256,-0.059112,0.077213,0.134226
2.589638,-0.057023,0.077118,0.138074
2.605948,-0.055774,0.075884,0.140606
2.631666,-0.05382,0.07563,0.145092
2.651104,-0.052333,0.07681,0.148887
2.666394,-0.051153,0.077222,0.152147
2.690079,-0.049322,0.077218,0.15782
2.705385,-0.048132,0.077911,0.161943
2.730186,-0.046208,0.077753,0.169615
2.749472,-0.044698,0.078232,0.176559
2.764787,-0.043497,0.078245,0.182861
2.789698,-0.041543,0.078202,0.19503
2.808432,-0.040065,0.081486,0.20617
2.816452,-0.039352,0.092766,0.2112
2.819856,-0.038989,0.108811,0.213145
2.820774,-0.038872,0.130372,0.213578
2.821112,-0.038831,0.147428,0.213755
2.821756,-0.038742,0.169071,0.214027
2.83224,-0.036974,0.176078,0.216933
2.848863,-0.034085,0.179118,0.221811
2.864481,-0.031294,0.175863,0.226938
2.891373,-0.026463,0.175026,0.238961
2.906872,-0.02369,0.178184,0.249092
2.922025,-0.02096,0.177832,-2.818293
2.950176,-0.01588,0.179112,-2.81962
2.965328,-0.013136,0.178751,-2.820321
2.978019,-0.010851,0.166502,-2.820908
2.979136,-0.01066,0.156631,-2.820962
2.979364,-0.010629,0.142775,-2.820975
2.97942,-0.010618,0.120178,-2.820978
2.980268,-0.01051,0.104637,-2.82103
2.980619,-0.010473,0.081209,-2.821054
2.979695,-0.010543,0.061805,-2.820983
2.979574,-0.010538,0.04678,-2.820969
2.979496,-0.010532,0.027397,-2.820959
2.979636,-0.01052,0.003914,-2.82097
2.980276,-0.010509,-0.011654,-2.821031
2.980389,-0.01051,-0.02788,-2.821042
2.979683,-0.01048,-0.054724,-2.820963
2.979519,-0.01046,-0.069821,-2.82094
2.978922,-0.010414,-0.085106,-2.820866
2.979814,-0.010471,-0.114164,-2.820973
2.979863,-0.010475,-0.128791,-2.820979
2.979366,-0.010406,-0.151624,-2.820908
2.97958,-0.010426,-0.170298,-2.820936
2.979619,-0.010428,-0.18652,-2.82094
2.979822,-0.01046,-0.208315,-2.82097
2.979909,-0.010476,-0.223504,-2.820984
2.979508,-0.010382,-0.246897,-2.820915
2.979476,-0.010363,-0.265636,-2.820906
2.979497,-0.010364,-0.280597,-2.820909
2.97949,-0.010357,-0.300052,-2.820906
2.979464,-0.010345,-0.323245,-2.8209
2.979668,-0.010407,-0.337593,-2.820939
2.979711,-0.010422,-0.352546,-2.820948
2.979471,-0.01033,-0.378929,-2.820896
2.979489,-0.010331,-0.39569,-2.820898
2.979943,-0.010509,-0.41032,-2.820997
2.980428,-0.010727,-0.436846,-2.821112
2.97998,-0.01053,-0.452902,-2.821007
2.980243,-0.010643,-0.474258,-2.821068
2.98026,-0.010654,-0.493377,-2.821073
2.979772,-0.010399,-0.509001,-2.820947
2.979618,-0.0103,-0.532049,-2.820901
2.979811,-0.010406,-0.550862,-2.820953
2.979823,-0.010414,-0.567263,-2.820956
2.979823,-0.010412,-0.589561,-2.820956
2.979832,-0.010417,-0.605347,-2.820958
2.979824,-0.010409,-0.628331,-2.820955
2.979845,-0.010421,-0.648021,-2.820961
2.979717,-0.010327,-0.662741,-2.820919
2.980275,-0.010747,-0.6833,-2.821102
2.980438,-0.010895,-0.707921,-2.821164
2.979869,-0.010425,-0.72359,-2.820965
2.979379,-0.009988,-0.738522,-2.820783
2.979703,-0.010253,-0.766342,-2.820896
2.980134,-0.010655,-0.780905,-2.821061
2.980204,-0.010736,-0.797911,-2.821092
2.979746,-0.01027,-0.825401,-2.820905
2.979893,-0.01041,-0.84076,-2.820962
2.979917,-0.010437,-0.865879,-2.820973
2.979786,-0.010286,-0.885098,-2.820914
2.979903,-0.01042,-0.903749,-2.820966
2.979929,-0.010456,-0.927665,-2.82098
2.979818,-0.010312,-0.943721,-2.820925
2.979923,-0.010448,-0.969317,-2.820977
2.979928,-0.010459,-0.989119,-2.820981
2.980039,-0.010624,-1.004524,-2.821042
2.980061,-0.010663,-1.023813,-2.821056
2.979814,-0.010262,-1.049457,-2.82091
2.979925,-0.010436,-1.064558,-2.820973
2.979961,-0.010501,-1.081427,-2.820997
2.979852,-0.010302,-1.108776,-2.820926
2.979852,-0.010294,-1.125997,-2.820923
2.979834,-0.010255,-1.143248,-2.82091
2.979847,-0.01028,-1.172701,-2.820918
2.979924,-0.010455,-1.188581,-2.820979
2.979936,-0.010493,-1.206101,-2.820992
2.980111,-0.010952,-1.234574,-2.821148
2.98011,-0.010968,-1.250616,-2.821153
2.979889,-0.01032,-1.276149,-2.820935
2.979892,-0.010292,-1.298839,-2.820927
2.979894,-0.010289,-1.317893,-2.820926
2.979893,-0.01028,-1.339607,-2.820923
2.979938,-0.01046,-1.356845,-2.820982
2.979947,-0.010518,-1.382086,-2.821001
2.979902,-0.010298,-1.401798,-2.820929
2.979905,-0.010291,-1.418605,-2.820928
2.979904,-0.010281,-1.440835,-2.820924
2.979936,-0.010509,-1.46477,-2.820997
2.979933,-0.010516,-1.483706,-2.820998
2.979916,-0.010368,-1.500593,-2.820952
2.979914,-0.010283,-1.529472,-2.820926
2.979925,-0.010455,-1.546196,-2.820979
2.979927,-0.010593,-1.564599,-2.821021
2.979925,-0.010734,-1.593201,-2.821063
2.979925,-0.010551,-1.611039,-2.821008
2.979915,-0.010952,-1.638005,-2.821129
2.979907,-0.010984,-1.658513,-2.821137
2.979947,-0.010409,-1.67663,-2.820967
2.979975,-0.010256,-1.701452,-2.820924
2.979977,-0.010255,-1.718741,-2.820924
2.979946,-0.010482,-1.74383,-2.820989
2.979941,-0.010487,-1.764138,-2.82099
2.979944,-0.010467,-1.781221,-2.820985
2.979986,-0.01026,-1.803181,-2.820926
2.980058,-0.00997,-1.828647,-2.820846
2.980066,-0.009958,-1.846353,-2.820843
2.980079,-0.009911,-1.86324,-2.82083
2.979725,-0.011113,-1.89256,-2.821158
2.979946,-0.010393,-1.911864,-2.820962
2.98,-0.010278,-1.929859,-2.820933
2.980031,-0.010207,-1.958376,-2.820915
2.979887,-0.010577,-1.974086,-2.821012
2.979841,-0.010665,-1.997567,-2.821034
2.980024,-0.010248,-2.018753,-2.820926
2.98004,-0.010231,-2.035432,-2.820923
2.980054,-0.010207,-2.059846,-2.820917
2.980055,-0.010206,-2.076,-2.820917
2.980056,-0.010205,-2.100055,-2.820917
2.980056,-0.010205,-2.123385,-2.820917
2.980056,-0.010205,-2.141432,-2.820917
2.980056,-0.010205,-2.161644,-2.820917
2.980056,-0.010205,-2.18744,-2.820917
2.979829,-0.010535,-2.205021,-2.820994
2.979783,-0.010586,-2.224458,-2.821004
2.980032,-0.010256,-2.255203,-2.82093
2.979937,-0.010389,-2.271279,-2.82096
2.979879,-0.010457,-2.288882,-2.820975
2.980058,-0.010245,-2.317769,-2.820929
2.980068,-0.010241,-2.335001,-2.820929
2.97992,-0.010398,-2.361209,-2.820961
2.979908,-0.010404,-2.38228,-2.820962
2.979908,-0.010404,-2.399474,-2.820962
2.979906,-0.010405,-2.426749,-2.820962
2.980085,-0.010247,-2.450064,-2.820932
2.980087,-0.01025,-2.468119,-2.820933
2.979935,-0.010374,-2.494911,-2.820956
2.979649,-0.010593,-2.513551,-2.820993
2.979723,-0.010527,-2.538645,-2.820981
2.980104,-0.010262,-2.562591,-2.820939
2.980125,-0.010258,-2.579461,-2.82094
2.980147,-0.010247,-2.602252,-2.820938
2.97936,-0.010725,-2.626081,-2.821004
2.979333,-0.010724,-2.642799,-2.821001
2.979849,-0.010426,-2.661841,-2.820963
2.979944,-0.010394,-2.687724,-2.820963
2.98012,-0.010305,-2.705819,-2.820953
2.980263,-0.01024,-2.722532,-2.820948
2.979623,-0.010531,-2.75183,-2.820972
2.977368,-0.011487,-2.769633,-2.821034
2.975268,-0.012294,-2.775709,-2.821068
2.948555,-0.022773,-2.777231,-2.82156
2.934192,-0.028255,-2.779866,-2.821782
2.911893,-0.036732,-2.778352,-2.82212
2.893865,-0.043568,-2.77825,-2.822391
2.878406,-0.049448,-2.778273,-2.822633
2.85563,-0.058081,-2.779038,-2.822984
2.841341,-0.063478,-2.779906,-2.823201
2.818275,-0.07219,-2.781318,-2.823556
2.799028,-0.079467,-2.778811,-2.823859
2.784628,-0.084901,-2.779468,-2.824085
2.765525,-0.092133,-2.780489,-2.824397
2.743512,-0.100434,-2.780624,-2.82475
2.72919,-0.105838,-2.780512,-2.824985
2.713556,-0.111745,-2.781343,-2.825246
2.687539,-0.121516,-2.782379,-2.825668
2.67209,-0.127323,-2.782036,-2.825924
2.657536,-0.132784,-2.782495,-2.826164
2.632211,-0.142278,-2.782511,-2.826587
2.615834,-0.148435,-2.782602,-2.82687
2.593685,-0.156713,-2.783788,-2.827242
2.575832,-0.163385,-2.783427,-2.827547
2.560436,-0.169152,-2.783684,-2.827818
2.538509,-0.177349,-2.783613,-2.828203
2.523056,-0.183132,-2.783853,-2.828481
2.500515,-0.191552,-2.784039,-2.828888
2.48157,-0.198632,-2.78381,-2.829236
2.464976,-0.204836,-2.784052,-2.829547
2.445913,-0.211951,-2.784184,-2.829904
2.424022,-0.220129,-2.783639,-2.830325
2.409087,-0.225713,-2.784033,-2.830618
2.394102,-0.231308,-2.784598,-2.830913
2.370322,-0.240177,-2.78455,-2.831385
2.35401,-0.246267,-2.785034,-2.831716
2.337894,-0.252257,-2.786966,-2.832038
2.313086,-0.261483,-2.785133,-2.832545
2.2985,-0.266899,-2.786537,-2.832844
2.27682,-0.274956,-2.785799,-2.8333
2.257348,-0.282181,-2.786146,-2.833712
2.242627,-0.287646,-2.786241,-2.834029
2.219058,-0.29639,-2.786465,-2.834544
2.203086,-0.302313,-2.786359,-2.834899
2.180302,-0.310754,-2.786895,-2.83541
2.16217,-0.317459,-2.788379,-2.835819
2.147588,-0.322832,-2.788018,-2.836145
2.129019,-0.329724,-2.785231,-2.836588
2.105685,-0.338372,-2.78672,-2.83715
2.090542,-0.343963,-2.788641,-2.837513
2.075992,-0.349318,-2.788998,-2.837859
2.049566,-0.359043,-2.789311,-2.8385
2.035139,-0.364353,-2.789083,-2.838857
2.020235,-0.369837,-2.788604,-2.839231
1.992439,-0.380068,-2.78909,-2.839945
1.977324,-0.38563,-2.788812,-2.840341
1.955342,-0.393722,-2.788797,-2.84093
1.936607,-0.400618,-2.788967,-2.841442
1.922164,-0.405934,-2.788885,-2.841844
1.899413,-0.414305,-2.789232,-2.842488
1.884816,-0.41967,-2.789556,-2.842907
1.862841,-0.427743,-2.78944,-2.843547
1.843,-0.435032,-2.78957,-2.844139
1.827879,-0.440587,-2.789541,-2.844599
1.808502,-0.447707,-2.789671,-2.845201
1.785689,-0.456084,-2.789622,-2.845924
1.77181,-0.461181,-2.789695,-2.846373
1.757728,-0.466352,-2.789517,-2.846835
1.7312,-0.476096,-2.789561,-2.84773
1.716772,-0.481394,-2.789745,-2.848227
1.702266,-0.486721,-2.7896,-2.848736
1.674547,-0.496904,-2.789457,-2.849735
1.660155,-0.502191,-2.78958,-2.850267
1.638522,-0.510139,-2.789385,-2.851085
1.620504,-0.516759,-2.789493,-2.851784
1.60321,-0.523115,-2.789445,-2.852471
1.5793,-0.531898,-2.789645,-2.853444
1.565492,-0.53697,-2.789467,-2.854019
1.543094,-0.545199,-2.789503,-2.854975
1.525,-0.551845,-2.789666,-2.855767
1.510377,-0.557215,-2.789596,-2.856421
1.490816,-0.564397,-2.7897,-2.857316
1.468394,-0.572637,-2.789249,-2.858375
1.452764,-0.578383,-2.789364,-2.859135
1.437511,-0.58399,-2.789192,-2.859892
1.411794,-0.593442,-2.78964,-2.861207
1.397162,-0.598814,-2.789748,-2.861972
1.382551,-0.604176,-2.789808,-2.862752
1.355055,-0.614272,-2.78948,-2.864269
1.339309,-0.620053,-2.78978,-2.865167
1.316522,-0.628415,-2.790157,-2.866501
1.29843,-0.635054,-2.790024,-2.867594
1.283162,-0.640653,-2.79023,-2.86854
1.261275,-0.648677,-2.790334,-2.869933
1.246237,-0.654189,-2.790433,-2.870919
1.222957,-0.662715,-2.790648,-2.872488
1.204908,-0.669326,-2.790322,-2.873748
1.189542,-0.674958,-2.790353,-2.874854
1.170105,-0.682077,-2.790498,-2.876293
1.148362,-0.690038,-2.790829,-2.877959
1.133221,-0.69558,-2.790682,-2.879156
1.118197,-0.701079,-2.790559,-2.880376
1.092809,-0.710368,-2.790964,-2.882515
1.077851,-0.715837,-2.791132,-2.88382
1.063312,-0.721154,-2.791,-2.885125
1.035653,-0.73127,-2.790882,-2.887713
1.021075,-0.736603,-2.790916,-2.889136
0.998831,-0.744742,-2.790748,-2.891391
0.978929,-0.752025,-2.790938,-2.893499
0.966473,-0.75658,-2.790862,-2.89486
0.954728,-0.760812,-2.803971,-2.896116
0.952638,-0.761489,-2.831976,-2.896267
0.951103,-0.761976,-2.839519,-2.896368
0.939794,-0.765511,-2.843979,-2.897074
0.92594,-0.769783,-2.84514,-2.897904
0.904603,-0.776302,-2.845532,-2.899168
0.882938,-0.782913,-2.846303,-2.900506
0.868406,-0.787323,-2.847326,-2.901415
0.849944,-0.792928,-2.846137,-2.902618
0.827607,-0.799719,-2.847086,-2.904158
0.813582,-0.803965,-2.847634,-2.905147
0.799369,-0.808273,-2.847089,-2.906191
0.768663,-0.817579,-2.847838,-2.908581
0.753154,-0.822266,-2.848331,-2.909847
0.737378,-0.827028,-2.848446,-2.911182
0.712129,-0.834634,-2.849198,-2.913423
0.697161,-0.839144,-2.848517,-2.914831
0.673139,-0.846383,-2.849718,-2.917225
0.653959,-0.852148,-2.849398,-2.919243
0.638079,-0.856927,-2.849106,-2.921016
0.614704,-0.863963,-2.849132,-2.923798
0.600015,-0.86838,-2.849628,-2.925651
0.577533,-0.87514,-2.849613,-2.928675
0.558354,-0.880906,-2.849569,-2.931447
0.543485,-0.885377,-2.849744,-2.933735
0.523844,-0.89128,-2.849414,-2.936956
0.501613,-0.897967,-2.849312,-2.940921
0.486893,-0.902397,-2.849215,-2.943754
0.471162,-0.907132,-2.849447,-2.946983
0.44475,-0.915079,-2.849374,-2.952922
0.428524,-0.919962,-2.849308,-2.956944
0.41375,-0.924405,-2.8495,-2.960879
0.397688,-0.929115,-2.862918,-2.965202
0.396713,-0.929359,-2.874949,-2.965374
0.395906,-0.929563,-2.897359,-2.965521
0.394303,-0.929963,-2.92408,-2.965805
0.385233,-0.932008,-2.939405,-2.966896
0.365122,-0.936293,-2.934998,-2.968851
0.350234,-0.939432,-2.932661,-2.970351
0.327181,-0.944271,-2.933851,-2.972882
0.308333,-0.948238,-2.934047,-2.975265
0.291787,-0.951727,-2.934677,-2.977639
0.272677,-0.95573,-2.934902,-2.980644
0.250005,-0.960485,-2.934781,-2.984832
0.232838,-0.964093,-2.934691,-2.988582
0.215855,-0.967655,-2.935366,-2.992856
0.189657,-0.973105,-2.936119,-3.000724
0.174128,-0.976338,-2.936129,-3.006534
0.158541,-0.979585,-2.936318,-3.013531
0.131747,-0.985157,-2.937246,-3.029402
0.116473,-0.988327,-2.936661,-3.04171
0.093342,-0.993132,-2.936781,-3.068145
0.07334,-0.997288,-2.937052,0.477648
0.066518,-0.998605,-2.950767,0.476745
0.064149,-0.998999,-2.977139,0.476406
0.063954,-0.999022,-2.989931,0.476375
0.0637,-0.999068,-3.017575,0.47634
0.063908,-0.999051,-3.036153,0.476377
0.063456,-0.999113,-3.053406,0.476307
0.063238,-0.99914,-3.07572,0.476272
0.063914,-0.999103,-3.095581,0.476399
0.063852,-0.999122,-3.111344,0.476394
0.063893,-0.999132,-3.132885,0.476407
0.063989,-0.999144,3.123406,0.476432
0.063914,-0.999153,3.107205,0.47642
0.064032,-0.999164,3.089525,0.476449
0.064217,-0.999187,3.06213,0.476497
0.064161,-0.999192,3.048145,0.476488
0.064506,-0.999227,3.031192,0.476574
0.063075,-0.999089,3.003423,0.476217
0.062996,-0.999074,2.980707,0.476194
0.063904,-0.99922,2.959569,0.476445
0.06396,-0.999251,2.939465,0.476469
0.063926,-0.999253,2.927083,0.476463
0.063514,-0.999172,2.89936,0.476343
0.063481,-0.999163,2.88338,0.476333
0.064204,-0.999357,2.858118,0.476564
0.06422,-0.999379,2.837919,0.476576
0.064015,-0.999325,2.818938,0.476511
0.063798,-0.999256,2.800484,0.476437
0.063758,-0.999243,2.771363,0.476423
0.063912,-0.999303,2.754981,0.476481
0.064185,-0.999417,2.738023,0.476584
0.064215,-0.999444,2.711274,0.476602
0.064198,-0.999441,2.693995,0.476597
0.064045,-0.999374,2.677446,0.476538
0.063997,-0.99935,2.648168,0.476518
0.063982,-0.999345,2.635051,0.476512
0.063783,-0.999239,2.610416,0.476427
0.063766,-0.999228,2.589122,0.476419
0.063913,-0.999317,2.574769,0.476487
0.064162,-0.999481,2.548757,0.476606
0.063999,-0.999383,2.533728,0.476532
0.063597,-0.999105,2.507491,0.476333
0.063576,-0.999083,2.488816,0.47632
0.06388,-0.999308,2.471986,0.476476
0.063939,-0.999365,2.452826,0.476511
0.063775,-0.999237,2.429546,0.476425
0.063771,-0.999231,2.413137,0.476421
0.063785,-0.999244,2.394916,0.476429
0.063469,-0.998958,2.368011,0.476247
0.063871,-0.99934,2.351033,0.476487
0.064237,-0.999715,2.336868,0.476717
0.064004,-0.999497,2.306655,0.476579
0.063485,-0.998945,2.291506,0.476245
0.06336,-0.998782,2.268104,0.476152
0.063967,-0.99949,2.246374,0.476568
0.063957,-0.999501,2.228335,0.476571
0.063984,-0.999543,2.205803,0.476593
0.063491,-0.998896,2.188976,0.476226
0.062969,-0.998145,2.165019,0.47581
0.063327,-0.998638,2.144377,0.476086
0.063745,-0.999279,2.127554,0.476435
0.06385,-0.999479,2.107598,0.476539
0.06388,-0.999538,2.083455,0.47657
0.063593,-0.999048,2.066403,0.476309
0.063444,-0.998757,2.046317,0.476159
0.063735,-0.999301,2.021781,0.476443
0.063729,-0.99931,2.005628,0.476444
0.063734,-0.999327,1.990223,0.476453
0.063642,-0.999124,1.961407,0.47635
0.063705,-0.999262,1.943695,0.47642
0.063745,-0.999367,1.927452,0.476471
0.063796,-0.999511,1.898937,0.476541
0.063733,-0.99933,1.881702,0.476454
0.063717,-0.999268,1.856507,0.476425
0.063717,-0.999264,1.837052,0.476423
0.063716,-0.999262,1.821636,0.476423
0.063776,-0.999489,1.797775,0.476528
0.063773,-0.999492,1.780957,0.476528
0.063774,-0.999505,1.756697,0.476534
0.063681,-0.999039,1.736794,0.476324
0.063645,-0.998803,1.720555,0.47622
0.063723,-0.999237,1.699996,0.476414
0.063672,-0.998945,1.676258,0.476284
0.063653,-0.998747,1.659453,0.476199
0.063636,-0.99854,1.642146,0.476111
0.06369,-0.999154,1.613942,0.476373
0.063688,-0.999155,1.598217,0.476373
0.063695,-0.999314,1.580536,0.476439
0.063692,-0.999411,1.55292,0.476478
0.063691,-0.999412,1.536977,0.476478
0.063691,-0.999416,1.52114,0.47648
0.063691,-0.999401,1.492472,0.476474
0.063692,-0.999384,1.477285,0.476467
0.063732,-0.99893,1.453254,0.47629
0.063744,-0.998891,1.433073,0.476277
0.0637,-0.999261,1.416292,0.476419
0.063677,-0.999367,1.391218,0.476457
0.063674,-0.999372,1.371335,0.476459
0.06378,-0.9988,1.355415,0.476247
0.063873,-0.998419,1.331677,0.476112
0.063702,-0.999196,1.316087,0.476393
0.063645,-0.999362,1.29374,0.476448
0.063701,-0.999146,1.274848,0.476372
0.063706,-0.999139,1.25942,0.47637
0.06382,-0.998774,1.240145,0.476245
0.063866,-0.998661,1.216649,0.476209
0.063681,-0.999191,1.200595,0.476386
0.063508,-0.99963,1.18571,0.476529
0.063605,-0.99935,1.157438,0.476435
0.06368,-0.99917,1.14178,0.476377
0.063697,-0.999141,1.125467,0.476369
0.063606,-0.999335,1.097303,0.476429
0.063692,-0.999153,1.082412,0.476373
0.063715,-0.999116,1.058864,0.476363
0.063608,-0.999312,1.039022,0.47642
0.063599,-0.999321,1.023865,0.476422
0.06359,-0.999334,0.999873,0.476425
0.063491,-0.999494,0.983777,0.47647
0.063582,-0.999347,0.960557,0.476429
0.063591,-0.99934,0.94101,0.476428
0.063591,-0.99934,0.926305,0.476428
0.063593,-0.999338,0.906249,0.476428
0.063592,-0.999339,0.883276,0.476428
0.063717,-0.999183,0.868606,0.47639
0.063822,-0.99906,0.852179,0.476362
0.063609,-0.999312,0.826273,0.47642
0.063599,-0.999319,0.810753,0.476421
0.063573,-0.999346,0.79583,0.476426
0.063908,-0.999001,0.768145,0.476356
0.063925,-0.998994,0.751288,0.476357
0.063609,-0.999295,0.72969,0.476413
0.063586,-0.999307,0.709361,0.476413
0.063586,-0.999304,0.693771,0.476412
0.063586,-0.999304,0.670394,0.476412
0.063589,-0.999302,0.655648,0.476412
0.063611,-0.999285,0.632217,0.47641
0.063452,-0.999404,0.614257,0.476425
0.063592,-0.999299,0.598471,0.476411
0.06378,-0.999171,0.581639,0.476399
0.064416,-0.998755,0.557563,0.476363
0.064448,-0.998747,0.543865,0.476367
0.065252,-0.998246,0.529048,0.476331
0.075155,-0.992392,0.519954,0.476026
0.088124,-0.984864,0.517086,0.475678
0.101039,-0.977486,0.517894,0.475376
0.125009,-0.963846,0.516416,0.474827
0.139637,-0.955524,0.516695,0.474486
0.161453,-0.943154,0.515736,0.473985
0.177131,-0.934301,0.515593,0.473632
0.19038,-0.926787,0.515993,0.473316
0.212059,-0.914481,0.515907,0.472783
0.225459,-0.906903,0.515763,0.472459
0.247129,-0.894618,0.515488,0.471912
0.265697,-0.884101,0.515501,0.471435
0.279016,-0.876572,0.51546,0.471095
0.296659,-0.866578,0.515414,0.470625
0.316931,-0.855108,0.514852,0.470079
0.329811,-0.847829,0.514917,0.469729
0.34308,-0.840321,0.515134,0.469358
0.369541,-0.825341,0.514935,0.468596
0.382906,-0.817787,0.514779,0.468208
0.396675,-0.81,0.514662,0.467799
0.420662,-0.796436,0.514761,0.467069
0.43537,-0.78811,0.514885,0.466606
0.449372,-0.780197,0.514453,0.466164
0.473166,-0.766755,0.514409,0.465395
0.486811,-0.759043,0.514423,0.464941
0.506971,-0.747652,0.514193,0.464257
0.524613,-0.737683,0.514283,0.463642
0.539388,-0.729332,0.514374,0.463114
0.559934,-0.717734,0.514079,0.46237
0.573664,-0.709986,0.513839,0.461861
0.594312,-0.698329,0.514017,0.461075
0.611023,-0.688897,0.513627,0.460422
0.626244,-0.680303,0.51367,0.459812
0.64342,-0.670619,0.513576,0.459114
0.664183,-0.658908,0.513673,0.458243
0.677772,-0.651244,0.513369,0.457658
0.691319,-0.643609,0.513159,0.457066
0.717544,-0.628832,0.51311,0.455885
0.731724,-0.620841,0.513646,0.455225
0.746203,-0.612685,0.512607,0.454538
0.769318,-0.599672,0.512745,0.45341
0.782936,-0.592004,0.512987,0.452725
0.803657,-0.580346,0.512337,0.451657
0.821971,-0.570043,0.512417,0.450681
0.835927,-0.562199,0.511675,0.449922
0.857304,-0.550184,0.512296,0.448721
0.871407,-0.542253,0.512343,0.4479
0.891738,-0.530825,0.511391,0.446683
0.908523,-0.521398,0.512017,0.445648
0.922464,-0.513568,0.511202,0.444764
0.939543,-0.503985,0.511865,0.443654
0.96128,-0.491784,0.511169,0.442185
0.974584,-0.484328,0.511057,0.441262
0.988085,-0.476752,0.511799,0.440293
1.012953,-0.462796,0.511445,0.438435
1.026557,-0.455162,0.511529,0.437376
1.04112,-0.446988,0.510988,0.436208
1.065688,-0.433215,0.511151,0.434165
1.079104,-0.42569,0.511163,0.432999
1.10093,-0.413438,0.512077,0.431015
1.118324,-0.403664,0.511737,0.429352
1.131897,-0.396039,0.512152,0.428008
1.153496,-0.383909,0.511872,0.42578
1.167552,-0.376011,0.511719,0.424262
1.187855,-0.364608,0.511541,0.421976
1.205266,-0.35483,0.511726,0.419921
1.218705,-0.347284,0.511851,0.418269
1.23662,-0.337225,0.51176,0.415974
1.257014,-0.325768,0.511984,0.413214
1.270436,-0.318228,0.511615,0.41131
1.285002,-0.310047,0.511678,0.409161
1.307213,-0.29759,0.507731,0.405722
1.312818,-0.294533,0.499821,0.404924
1.319272,-0.291044,0.487319,0.404027
1.316345,-0.292688,0.463139,0.404513
1.324858,-0.288387,0.460471,0.40369
1.343484,-0.279136,0.45796,0.402021
1.361125,-0.270422,0.45771,0.400411
1.377044,-0.26258,0.457141,0.398908
1.398998,-0.251786,0.456696,0.39673
1.41275,-0.245031,0.456642,0.395289
1.432409,-0.235382,0.456039,0.393117
1.449235,-0.227134,0.45552,0.391147
1.464514,-0.219643,0.455746,0.389248
1.487089,-0.20859,0.455324,0.386251
1.504548,-0.200047,0.454923,0.38375
1.519147,-0.192907,0.454774,0.38152
1.536543,-0.184398,0.454956,0.378673
1.557295,-0.174246,0.455324,0.374971
1.572334,-0.166881,0.455047,0.372041
1.586621,-0.159892,0.455003,0.36907
1.612616,-0.147171,0.454745,0.363069
1.626045,-0.140604,0.455069,0.35964
1.639877,-0.13384,0.454581,0.355831
1.665047,-0.121534,0.454789,0.348066
1.680532,-0.113966,0.454335,0.342664
1.701631,-0.103672,0.45216,0.334412
1.711916,-0.098779,0.438869,0.330321
1.713508,-0.098083,0.425676,0.329852
1.71424,-0.097774,0.403839,0.329667
1.715439,-0.097254,0.388777,0.329322
1.724721,-0.093461,0.380935,0.327303
1.742562,-0.086311,0.378345,0.323493
1.757592,-0.080324,0.37796,0.319972
1.77957,-0.071597,0.37762,0.314055
1.79837,-0.064135,0.377837,0.307961
1.811421,-0.058969,0.376867,0.303068
1.832492,-0.05061,0.377558,0.293417
1.853509,-0.04227,0.377387,0.280921
1.868215,-0.036447,0.377457,0.269819
1.886328,-0.029272,0.377164,0.252038
1.909005,-0.020293,0.373528,0.219421
1.917229,-0.017147,0.361678,3.132649
1.920024,-0.016151,0.347756,3.133181
1.921766,-0.015553,0.337011,3.1335
1.922133,-0.015423,0.346228,3.133569
1.921892,-0.015509,0.348511,3.133523
1.921975,-0.015482,0.368289,3.133538
1.922055,-0.015454,0.38444,3.133553
1.921753,-0.015583,0.406013,3.133484
1.921735,-0.015599,0.42496,3.133476
1.922149,-0.015418,0.441138,3.133572
1.922163,-0.015415,0.463597,3.133573
1.922164,-0.015422,0.486656,3.13357
1.922219,-0.0154,0.501999,3.133581
1.922155,-0.015444,0.52746,3.133558
1.922393,-0.015314,0.543306,3.133627
1.922211,-0.015429,0.565041,3.133566
1.922007,-0.015568,0.586042,3.133493
1.922034,-0.01556,0.602265,3.133497
1.921604,-0.015864,0.626533,3.133337
1.921578,-0.015897,0.646139,3.13332
1.922076,-0.015536,0.661728,3.13351
1.922171,-0.015459,0.682156,3.133551
1.921985,-0.015614,0.703746,3.133469
1.921552,-0.015983,0.718551,3.133275
1.921501,-0.016043,0.735755,3.133244
1.921935,-0.015659,0.762861,3.133445
1.922109,-0.015491,0.77482,3.133534
1.922194,-0.015406,0.789993,3.133578
1.922166,-0.015437,0.814194,3.133562
1.921917,-0.015698,0.826706,3.133425
1.921611,-0.016034,0.840942,3.133249
1.922293,-0.015295,0.869217,3.133636
1.922308,-0.015268,0.885563,3.13365
1.922318,-0.015257,0.909083,3.133656
1.921733,-0.015999,0.927261,3.133268
1.921642,-0.016141,0.940488,3.133194
1.922008,-0.01566,0.960342,3.133445
1.922164,-0.01543,0.977816,3.133566
1.922282,-0.015253,0.994209,3.133658
1.922318,-0.015193,1.018417,3.133689
1.922224,-0.015342,1.032003,3.133611
1.922076,-0.015598,1.05341,3.133478
1.92207,-0.015619,1.071682,3.133467
1.922076,-0.015614,1.085373,3.133469
1.922076,-0.015618,1.103461,3.133467
1.92218,-0.015417,1.12727,3.133572
1.92218,-0.015413,1.143726,3.133574
1.922174,-0.015425,1.157657,3.133568
1.922163,-0.015455,1.182595,3.133552
1.922093,-0.015623,1.198523,3.133465
1.92202,-0.015813,1.214428,3.133366
1.922239,-0.015252,1.239357,3.133658
1.922241,-0.015238,1.256165,3.133666
1.922144,-0.015517,1.271951,3.13352
1.922096,-0.015701,1.299104,3.133424
1.922155,-0.015508,1.313629,3.133525
1.922102,-0.015697,1.338925,3.133426
1.922104,-0.015705,1.359132,3.133422
1.922145,-0.015532,1.374581,3.133512
1.921965,-0.016396,1.398118,3.133062
1.921971,-0.016445,1.414215,3.133036
1.922111,-0.015612,1.436648,3.13347
1.922076,-0.015767,1.455683,3.13339
1.922077,-0.015766,1.469874,3.13339
1.922034,-0.016152,1.489091,3.133189
1.922032,-0.01627,1.510832,3.133128
1.922077,-0.015685,1.526164,3.133432
1.922073,-0.015589,1.541489,3.133482
1.922072,-0.015528,1.56846,3.133514
1.922075,-0.015331,1.584081,3.133616
1.922072,-0.01517,1.598992,3.1337
1.922076,-0.01551,1.625144,3.133523
1.922077,-0.015511,1.641545,3.133523
1.922078,-0.015515,1.663621,3.133521
1.922078,-0.015515,1.682135,3.133521
1.922153,-0.016283,1.698241,3.133122
1.922167,-0.016265,1.720555,3.133131
1.92206,-0.015486,1.735867,3.133536
1.92205,-0.015519,1.759013,3.133519
1.922051,-0.015519,1.779691,3.133518
1.922047,-0.015499,1.79504,3.133529
1.922081,-0.015657,1.812947,3.133447
1.922097,-0.015709,1.835324,3.13342
1.922052,-0.015529,1.850327,3.133513
1.92201,-0.015384,1.865605,3.133588
1.921961,-0.015237,1.893306,3.133665
1.922017,-0.015416,1.907807,3.133572
1.922031,-0.015446,1.924945,3.133557
1.921958,-0.015244,1.950031,3.133661
1.922026,-0.015429,1.965294,3.133565
1.922044,-0.015465,1.989179,3.133547
1.922036,-0.015446,2.008316,3.133557
1.922028,-0.015428,2.024808,3.133566
1.922025,-0.015423,2.046448,3.133568
1.922359,-0.016097,2.061054,3.13322
1.922485,-0.016301,2.085791,3.133114
1.922055,-0.015515,2.102704,3.133521
1.922032,-0.015499,2.117402,3.133529
1.922009,-0.015468,2.135218,3.133545
1.922005,-0.015462,2.159423,3.133548
1.922006,-0.015464,2.174811,3.133547
1.922006,-0.015464,2.193277,3.133547
1.922021,-0.015485,2.216525,3.133536
1.922033,-0.015501,2.231453,3.133528
1.922046,-0.015518,2.246972,3.133519
1.922179,-0.015682,2.273879,3.133434
1.922187,-0.015687,2.288514,3.133432
1.921897,-0.015349,2.311852,3.133606
1.92187,-0.01533,2.329996,3.133616
1.921867,-0.015329,2.345555,3.133617
1.922353,-0.015832,2.367592,3.133357
1.922366,-0.01583,2.384463,3.133358
1.922047,-0.015521,2.406335,3.133517
1.922041,-0.015525,2.424774,3.133516
1.922051,-0.015536,2.439377,3.13351
1.922192,-0.015657,2.459068,3.133447
1.922765,-0.016123,2.480661,3.133207
1.922646,-0.016014,2.498254,3.133264
1.922612,-0.015989,2.512509,3.133277
1.922032,-0.015564,2.539748,3.133495
1.922027,-0.015563,2.556327,3.133495
1.922537,-0.015915,2.571906,3.133315
1.922852,-0.016099,2.599826,3.13322
1.922175,-0.015674,2.616311,3.133438
1.921789,-0.015465,2.63939,3.133546
1.921752,-0.015452,2.658692,3.133552
1.921747,-0.015451,2.673727,3.133553
1.921742,-0.015449,2.698177,3.133554
1.921741,-0.015449,2.71338,3.133554
1.921949,-0.015545,2.736681,3.133505
1.922177,-0.015641,2.758207,3.133456
1.922186,-0.01564,2.773486,3.133456
1.922199,-0.015644,2.793478,3.133454
1.922202,-0.015645,2.818537,3.133454
1.922013,-0.015578,2.833127,3.133488
1.921858,-0.01553,2.848627,3.133512
1.922919,-0.015859,2.876827,3.133345
1.922228,-0.015655,2.893015,3.133448
1.921643,-0.015511,2.909921,3.133521
1.92199,-0.015613,2.936594,3.133469
1.922546,-0.015738,2.952299,3.133407
1.922718,-0.01576,2.975428,3.133396
1.921819,-0.015598,2.995592,3.133477
1.921799,-0.015608,3.011662,3.133471
1.921751,-0.015605,3.0322,3.133473
1.921552,-0.015581,3.049653,3.133484
1.921502,-0.01558,3.07158,3.133484
1.918329,-0.015323,3.084149,3.133605
1.907448,-0.014551,3.086491,3.133964
1.889278,-0.013483,3.087827,3.134456
1.866435,-0.012276,3.089092,3.135016
1.850158,-0.011422,3.090002,3.135419
1.83325,-0.010556,3.090787,3.135835
1.806776,-0.009242,3.090905,3.136478
1.791501,-0.008484,3.091842,3.136857
1.77602,-0.007722,3.092247,3.137245
1.74671,-0.006273,3.092641,3.138001
1.730844,-0.005512,3.093079,3.138408
1.705795,-0.004302,3.093572,3.139071
1.685053,-0.003316,3.093955,3.139625
1.670484,-0.002638,3.093707,3.140014
1.647031,-0.001516,3.094347,3.140672
1.630162,-0.000715,3.094625,3.141154
1.605731,0.000425,3.094386,-3.141328
1.585069,0.001399,3.094567,-3.14071
1.571678,0.002002,3.097787,-3.140319
1.5609,0.002343,3.111192,-3.140092
1.560676,0.002272,3.135323,-3.140137
1.560601,0.002262,-3.133542,-3.140143
1.560283,0.002265,-3.114604,-3.140141
1.556437,0.002167,-3.092683,-3.1402
1.547415,0.001804,-3.092086,-3.140427
1.530653,0.001011,-3.090366,-3.140932
1.508318,-0.000143,-3.089472,3.141498
1.493058,-0.000945,-3.0887,3.14096
1.477499,-0.001769,-3.088981,3.140396
1.460273,-0.0027,-3.097605,3.139743
1.46009,-0.002734,-3.106924,3.13972
1.459781,-0.002743,-3.126811,3.139713
1.459748,-0.002746,3.131972,3.139711
1.459663,-0.002748,3.115918,3.13971
1.457479,-0.002681,3.094687,3.139753
1.446062,-0.002151,3.090744,3.140105
1.430193,-0.00134,3.08866,3.140656
1.406972,-0.000109,3.089064,3.141515
1.391672,0.000704,3.087939,-3.141087
1.367147,0.002021,3.087822,-3.140115
1.349301,0.002987,3.085924,-3.139379
1.342932,0.003306,3.097496,-3.139131
1.340401,0.003401,3.104394,-3.139055
1.340047,0.003405,3.129584,-3.139052
1.339912,0.003409,-3.138908,-3.139049
1.340253,0.003412,-3.122304,-3.139047
1.338798,0.003387,-3.096666,-3.139063
1.329342,0.003017,-3.091672,-3.139323
1.32142,0.002646,-3.09147,-3.13959
1.28918,0.001122,-3.091118,-3.140723
1.272555,0.000294,-3.094687,-3.141361
1.24836,-0.0009,-3.092337,3.140872
1.227701,-0.001931,-3.091992,3.14002
1.214009,-0.002621,-3.090515,3.139433
1.202396,-0.00318,-3.099778,3.138948
1.201891,-0.003205,-3.109494,3.138926
1.200975,-0.003226,-3.130274,3.138907
1.20091,-0.003227,3.131603,3.138905
1.201025,-0.003232,3.115048,3.138902
1.199776,-0.0032,3.094531,3.138926
1.18839,-0.002714,3.095558,3.139309
1.172258,-0.001959,3.092064,3.139922
1.152126,-0.000975,3.091441,3.140746
1.126872,0.000281,3.090737,-3.141343
1.112827,0.000994,3.091028,-3.140699
1.098613,0.001714,3.09014,-3.140032
1.080075,0.002643,3.103753,-3.139146
1.079007,0.002682,3.105185,-3.139107
1.076777,0.002752,3.118658,-3.139037
1.077783,0.002712,-3.139027,-3.139077
1.0777,0.002714,-3.12438,-3.139075
1.075445,0.00267,-3.105946,-3.13911
1.065976,0.00236,-3.107292,-3.139379
1.050512,0.001824,-3.104254,-3.139856
1.024375,0.000864,-3.10225,-3.140749
1.008529,0.00027,-3.104285,-3.141325
0.985243,-0.000613,-3.103068,3.14097
0.964819,-0.001397,-3.104653,3.140144
0.950658,-0.00194,-3.102262,3.139552
0.940774,-0.00231,-3.111771,3.139137
0.938133,-0.002377,-3.12991,3.139058
0.937963,-0.002374,3.141422,3.139062
0.938057,-0.002375,3.126449,3.139061
0.935141,-0.002311,3.098066,3.139121
0.925393,-0.001933,3.095324,3.139504
0.911414,-0.001308,3.09273,3.140158
0.885565,-6.8e-05,3.093577,3.141515
0.86977,0.000695,3.092255,-3.140793
0.844278,0.001945,3.09221,-3.139289
0.827496,0.002803,3.090156,-3.138205
0.821404,0.003111,3.09969,-3.137805
0.818399,0.003237,3.10755,-3.137638
0.818415,0.003233,3.122895,-3.137642
0.817945,0.003244,3.136945,-3.137627
0.817665,0.003246,-3.123077,-3.137623
0.817592,0.003248,-3.107537,-3.137621
0.816462,0.00321,-3.088116,-3.137661
0.806839,0.002731,-3.0844,-3.138208
0.790605,0.00183,-3.080542,-3.139278
0.769916,0.000627,-3.080555,-3.140779
0.747377,-0.000709,-3.082479,3.140644
0.732106,-0.001614,-3.082108,3.139388
0.716474,-0.002547,-3.082268,3.138038
0.697596,-0.003654,-3.091025,3.136354
0.696898,-0.003687,-3.09485,3.136302
0.696294,-0.00371,-3.110565,3.136264
0.696095,-0.003717,-3.132858,3.136253
0.695434,-0.003726,3.134343,3.136235
0.695113,-0.003723,3.107724,3.136237
0.692955,-0.003653,3.089304,3.136321
0.682699,-0.00315,3.084203,3.136978
0.661688,-0.001958,3.082287,3.138634
0.646515,-0.001069,3.082207,3.139939
0.624693,0.000224,3.082163,-3.141234
0.604897,0.001402,3.081795,-3.139276
0.588991,0.002353,3.080267,-3.137598
0.578319,0.003015,3.089292,-3.136379
0.575468,0.003164,3.094523,-3.136094
0.57517,0.003176,3.105452,-3.136072
0.575011,0.003181,3.12138,-3.136061
0.575045,0.003184,-3.139543,-3.136056
0.57565,0.003189,-3.123007,-3.136053
0.576606,0.003213,-3.106867,-3.13602
0.559787,0.002668,-3.100104,-3.136826
0.54489,0.00206,-3.099172,-3.137813
0.530523,0.001448,-3.09778,-3.138864
0.501498,0.000166,-3.096379,-3.141261
0.486017,-0.000542,-3.095825,3.140477
0.469535,-0.001299,-3.095197,3.138826
0.44184,-0.002604,-3.093803,3.135699
0.434984,-0.002932,-3.100432,3.134852
0.431818,-0.003055,-3.111209,3.134518
0.430746,-0.003077,-3.125902,3.13445
0.430316,-0.003081,-3.138913,3.134433
0.431337,-0.003088,3.119664,3.134434
0.431318,-0.003097,3.106187,3.134412
0.429167,-0.003012,3.076333,3.134574
0.417705,-0.002307,3.072819,3.136071
0.403012,-0.001316,3.068446,3.138328
0.383598,4.1e-05,3.069758,-3.141486
0.360396,0.00168,3.070918,-3.136932
0.347388,0.002617,3.06914,-3.134061
0.338918,0.003233,3.076209,-3.132052
0.333314,0.003588,3.087587,-3.130828
0.332922,0.003606,3.099116,-3.130762
0.332648,0.003617,3.112409,-3.130721
0.332476,0.003624,3.137118,-3.130693
0.332417,0.003627,-3.131177,-3.130681
0.332932,0.00364,-3.10834,-3.13066
0.330149,0.003555,-3.092716,-3.130825
0.319575,0.003081,-3.088759,-3.131951
0.298547,0.001965,-3.086507,-3.135011
0.279484,0.000901,-3.084127,-3.138367
0.263842,1.3e-05,-3.084615,-3.141543
0.24072,-0.00131,-3.083806,3.136151
0.225054,-0.00222,-3.083174,3.131727
0.201407,-0.003611,-3.082815,3.123664
0.190806,-0.004219,-3.093752,3.119486
0.189979,-0.00426,-3.095868,3.119174
0.189434,-0.004281,-3.108935,3.118996
0.189139,-0.004291,-3.126763,3.11891
0.189063,-0.004294,3.139126,3.118885
0.189166,-0.004297,3.124006,3.11888
0.187693,-0.004264,3.094593,3.118881
0.180188,-0.003945,3.090743,3.119705
0.174258,-0.003645,3.088201,3.12068
0.139858,-0.001918,3.08924,3.127881
0.122973,-0.001036,3.0893,3.133165
0.098872,0.000242,3.08869,-3.13914
